199	0.000	0.2985
100	0.000	3.142
0 2 1 6 3 6 6 10 9 6 12 6 18 14 13 11 20 17 15 20 20 27 15 19 19 25 24 19 23 38 19 33 28 24 28 20 17 29 31 30 30 28 25 35 18 30 32 22 22 31 38 37 23 35 31 27 22 30 29 24 29 34 20 29 25 22 21 19 30 23 20 22 24 19 22 24 12 13 15 19 9 17 18 11 14 8 9 7 10 11 9 8 2 5 3 3 3 4 1 0 
1 4 4 7 17 13 12 13 19 25 17 21 37 29 29 39 31 34 35 39 35 33 41 41 49 37 53 54 51 63 44 55 56 40 46 54 51 49 50 55 53 54 48 51 55 42 51 48 49 56 56 55 60 41 47 42 54 59 54 46 38 47 40 40 44 41 42 40 43 46 33 40 35 43 27 31 36 31 22 27 25 19 28 23 12 19 11 18 15 13 10 11 4 10 10 6 5 1 0 0 
1 7 7 15 8 23 17 23 29 30 22 27 46 34 50 32 53 40 66 50 45 51 70 55 75 54 57 80 70 57 64 75 71 74 57 67 77 65 63 79 68 69 71 83 58 72 76 86 59 69 75 73 56 67 54 59 59 67 61 60 47 51 67 49 67 59 51 50 51 51 53 48 55 47 40 35 31 30 35 28 30 28 29 25 20 27 21 24 16 19 14 11 14 12 5 9 4 3 2 0 
4 3 5 14 19 21 31 23 36 34 33 36 39 41 61 55 54 41 61 63 55 77 77 71 89 78 64 65 79 85 85 70 77 81 88 92 80 83 74 98 76 88 73 75 71 96 75 60 79 74 75 78 62 65 85 84 66 69 76 55 76 73 52 55 57 67 56 57 40 56 52 55 34 47 39 47 35 37 30 36 37 20 28 25 24 22 33 23 25 16 13 20 10 6 8 8 8 5 0 0 
2 4 10 16 15 17 24 33 29 38 44 47 49 53 67 64 61 87 76 81 76 63 77 84 78 74 94 105 82 87 82 92 95 97 80 92 77 95 70 93 101 67 88 95 84 106 67 76 80 88 78 84 81 88 74 70 87 82 73 80 67 77 72 63 74 84 67 47 68 61 52 55 52 47 47 49 46 38 50 24 30 37 40 31 33 30 37 31 20 16 19 14 19 8 16 9 9 2 4 3 
3 8 5 6 13 20 37 34 35 32 43 41 59 78 68 71 89 68 81 74 85 84 77 105 101 99 99 101 88 102 91 101 105 86 118 107 100 97 96 95 88 89 107 105 104 102 96 95 84 83 101 87 83 88 81 81 93 101 92 78 59 80 66 61 76 54 76 65 66 67 59 54 51 61 51 54 43 53 46 34 39 33 37 32 29 33 29 31 30 19 19 18 12 10 14 10 4 3 3 1 
3 8 12 15 19 17 26 35 36 46 48 52 62 65 76 68 71 75 85 95 90 103 110 108 102 119 107 113 116 123 114 113 112 116 101 122 118 102 106 121 109 112 97 104 102 95 107 104 91 100 97 81 97 118 92 79 82 90 82 89 81 55 85 72 79 68 71 69 67 58 50 61 63 51 74 48 44 43 45 30 45 32 50 34 33 28 32 25 27 25 24 19 18 13 12 9 9 9 5 0 
2 8 12 15 9 24 20 32 37 40 48 59 55 58 68 85 82 93 101 89 100 110 113 101 110 119 117 114 136 138 137 116 123 104 119 120 105 110 133 113 115 128 99 98 113 97 111 112 96 89 122 110 107 96 103 87 87 80 80 77 96 72 83 70 68 78 80 65 60 59 83 66 53 68 36 41 56 50 48 50 43 47 36 52 32 34 38 25 23 24 19 16 13 11 12 12 14 4 9 2 
1 3 11 11 13 15 40 22 37 45 57 45 68 68 80 80 94 112 99 98 106 120 111 115 117 110 115 114 118 117 115 141 156 109 141 118 126 133 132 106 120 134 121 108 126 107 122 110 110 112 91 117 108 121 100 112 99 76 89 72 100 83 87 74 98 79 86 92 70 79 84 71 68 56 56 53 50 45 53 58 38 44 39 36 37 35 37 33 27 20 21 19 14 17 20 14 3 4 3 2 
1 5 8 7 12 19 28 28 40 50 56 57 59 68 75 88 109 89 89 127 111 126 140 115 125 122 138 136 141 150 125 124 131 120 147 127 121 127 119 109 131 134 115 115 117 110 121 112 109 98 103 111 109 107 123 94 100 95 111 99 85 117 102 113 74 70 87 86 70 82 88 74 61 66 58 51 55 44 46 57 40 48 41 39 32 29 27 31 29 29 20 28 16 24 12 15 6 5 4 3 
0 6 6 7 17 14 18 30 31 41 34 50 51 86 83 81 97 95 104 103 121 115 142 126 119 144 134 122 154 152 126 128 138 163 139 134 153 136 131 134 137 147 124 126 130 112 118 124 110 106 101 114 120 119 99 114 98 86 97 75 103 88 89 98 70 86 87 79 68 89 79 69 65 63 56 64 58 65 69 51 54 59 44 39 39 29 37 34 26 34 38 18 20 4 15 9 11 5 5 1 
0 2 10 12 8 16 16 22 33 32 40 58 52 71 90 95 87 107 103 119 148 133 120 127 141 145 146 133 136 162 130 135 144 142 123 144 149 142 150 132 138 124 148 122 136 133 141 107 112 129 113 111 96 93 99 122 104 85 107 102 91 104 93 82 81 73 82 91 79 64 76 79 77 58 74 77 52 70 62 66 43 34 41 42 28 43 29 42 29 27 23 21 24 25 9 14 9 6 3 2 
0 1 4 12 7 9 14 17 20 23 34 55 52 67 83 95 95 97 127 107 137 129 132 132 141 135 146 157 140 137 151 149 153 139 150 154 153 151 146 142 139 127 123 167 123 125 123 137 112 133 110 138 129 105 95 124 82 109 89 100 118 118 96 78 94 87 95 69 68 72 89 98 76 72 66 66 56 56 68 60 61 50 51 40 33 43 33 23 37 27 21 24 19 16 14 13 6 11 4 2 
0 2 2 7 6 6 12 18 22 24 45 46 61 72 60 96 94 129 113 145 116 158 133 147 148 157 135 162 161 153 145 154 158 156 138 127 158 153 155 132 143 142 134 139 123 127 151 138 140 126 123 128 145 111 93 94 112 89 104 99 91 109 73 96 91 103 102 89 86 67 96 76 74 76 66 54 50 67 66 82 52 48 44 46 52 47 35 27 33 30 31 29 21 23 13 24 14 4 5 5 
0 3 2 2 8 10 19 18 23 41 37 50 80 79 84 120 121 118 123 133 156 146 152 174 153 165 162 147 157 150 178 157 177 150 153 130 162 149 122 142 141 142 134 140 118 132 117 144 124 124 120 142 149 140 120 116 112 115 107 97 121 97 113 101 91 95 86 90 79 63 78 77 82 65 65 77 74 71 40 65 54 56 41 45 38 47 35 39 35 34 40 28 26 16 16 16 7 7 5 3 
0 1 2 3 2 9 15 12 17 30 51 41 70 87 96 111 103 129 126 145 162 144 147 135 159 142 149 190 141 156 150 159 133 167 137 166 161 152 131 166 134 126 178 166 139 136 123 130 110 129 142 107 135 118 121 139 101 100 114 100 107 107 96 97 102 104 82 87 76 76 72 83 72 77 72 73 61 61 55 62 54 60 53 51 44 37 33 34 39 24 28 23 20 15 15 9 11 12 7 1 
0 0 0 6 3 5 6 16 22 27 40 61 61 77 89 125 122 120 134 112 156 162 161 155 162 187 176 157 156 166 182 158 162 176 157 201 145 150 188 134 149 175 139 156 151 147 139 141 131 146 131 129 119 129 141 120 135 121 130 103 120 119 111 96 101 95 89 82 125 84 83 81 74 77 67 68 64 64 68 59 53 62 52 46 34 48 41 39 38 29 36 30 23 18 18 10 11 4 1 0 
0 0 0 1 5 6 15 22 23 41 41 57 67 79 94 95 113 105 157 156 180 163 153 162 206 185 164 179 171 162 158 185 168 137 158 171 182 139 163 162 168 147 158 140 157 125 168 138 135 138 124 150 120 127 128 116 124 102 107 129 105 102 97 96 99 109 90 95 92 97 93 86 84 75 62 60 70 72 73 72 51 59 45 47 46 43 40 39 35 30 31 23 26 21 15 16 9 8 6 0 
0 0 0 2 3 8 10 16 21 29 40 43 66 71 79 105 131 134 142 167 145 181 180 188 151 165 169 173 181 172 155 168 185 166 164 158 156 168 176 137 148 176 159 142 172 140 150 136 134 134 144 129 127 123 123 107 132 125 135 113 117 118 117 102 101 88 92 86 75 91 94 91 68 71 69 70 54 73 57 69 39 52 37 50 57 38 36 45 39 32 36 27 23 24 13 8 8 10 4 0 
0 0 0 2 2 17 11 20 28 48 44 58 78 87 96 119 142 151 154 159 155 187 159 157 184 169 154 159 181 163 183 175 158 150 155 160 180 168 162 170 174 161 178 174 171 172 149 163 133 125 128 134 134 143 115 129 109 125 123 101 126 106 117 110 101 104 94 90 94 84 93 99 81 73 80 87 77 70 85 60 58 55 54 59 44 46 31 40 33 48 27 32 35 16 16 6 5 8 6 1 
0 0 0 0 5 5 11 17 24 42 63 88 114 141 160 176 193 213 230 186 194 174 168 194 203 176 197 184 163 183 194 163 164 182 157 154 160 171 165 160 146 165 158 166 141 170 144 151 145 139 162 128 141 133 125 130 141 118 136 112 123 116 96 103 114 106 112 110 101 115 89 105 80 94 80 74 69 55 86 66 66 55 60 45 48 33 41 43 32 46 35 33 25 17 15 15 11 12 8 1 
0 0 1 0 2 3 9 17 23 36 56 62 82 98 109 131 133 157 183 198 205 267 269 260 260 211 223 183 168 182 166 177 175 173 162 181 176 199 165 143 165 162 156 159 155 161 142 142 144 151 133 141 120 155 131 119 126 126 124 118 106 89 119 116 98 109 100 87 90 68 100 82 67 92 62 74 70 72 81 62 54 61 48 49 41 55 42 41 47 37 35 28 30 25 13 18 13 7 8 1 
0 0 1 0 5 9 20 14 20 50 46 65 89 97 112 126 136 165 159 178 184 159 158 174 186 226 230 260 240 229 237 230 196 180 172 175 181 169 181 193 166 142 136 158 154 162 156 134 148 133 127 148 128 146 134 119 130 141 130 121 118 118 111 119 104 121 97 103 101 106 81 97 94 64 80 77 83 82 77 66 72 65 69 49 42 52 42 35 42 41 32 27 19 21 20 15 8 7 3 0 
0 1 1 5 6 5 14 19 24 34 68 71 83 107 117 131 143 160 179 164 191 174 213 185 163 197 212 168 187 172 193 233 249 239 232 230 203 174 164 173 196 158 175 140 159 138 158 151 154 149 146 140 138 146 114 126 111 131 136 133 121 123 110 114 111 104 97 97 93 91 89 91 81 88 85 84 77 78 71 70 77 63 58 51 45 46 49 33 33 34 36 13 8 4 1 0 0 0 0 0 
0 2 3 2 11 8 11 22 36 40 62 86 104 101 121 135 151 167 191 162 177 187 189 203 173 193 204 189 197 201 205 166 174 184 187 191 218 246 223 209 179 177 168 149 170 168 137 136 149 142 149 137 167 146 127 138 138 100 150 110 128 99 113 116 104 84 104 101 92 106 93 113 88 83 80 80 99 78 54 68 68 59 61 38 48 59 40 27 16 0 0 0 0 0 0 0 0 0 0 0 
0 0 2 1 12 14 14 19 40 58 69 81 96 118 99 150 151 164 173 186 149 200 177 193 175 200 202 182 193 171 213 177 190 189 167 173 192 172 180 162 194 222 210 225 182 139 153 143 142 141 161 145 119 138 139 128 126 146 146 140 113 125 119 99 128 113 117 108 103 108 103 76 80 89 73 73 79 64 69 68 73 67 55 43 26 5 1 0 0 0 0 0 0 0 0 0 0 0 0 0 
0 6 3 11 11 15 14 29 43 47 79 91 112 121 146 147 161 171 154 187 176 222 180 188 165 166 184 180 194 198 176 170 193 168 171 164 165 183 192 169 165 159 167 156 208 212 193 177 155 138 124 131 134 144 148 141 139 113 128 108 126 129 122 98 97 122 110 92 88 108 104 90 82 94 89 104 80 62 76 76 58 40 18 1 1 0 0 0 0 0 0 0 0 0 0 0 0 0 0 0 
0 2 6 9 17 20 19 35 42 64 93 83 93 117 122 148 157 163 167 170 174 214 191 190 173 214 181 200 188 205 201 170 177 171 166 196 177 182 178 164 177 151 167 176 147 172 162 165 194 170 164 151 132 138 148 142 131 146 118 128 129 121 102 109 130 123 130 105 106 111 93 95 109 87 83 76 79 71 57 55 20 3 0 0 0 0 0 0 0 0 0 0 0 0 0 0 0 0 0 0 
0 2 4 6 11 20 27 44 45 61 95 109 103 130 143 155 159 148 158 178 200 183 190 199 176 215 181 191 177 192 213 181 186 186 179 157 192 170 171 158 166 161 164 155 157 159 148 162 142 129 146 174 163 192 168 132 150 157 156 148 124 123 128 140 118 111 130 103 109 106 108 104 98 90 83 75 72 82 29 1 0 0 0 0 0 0 0 0 0 0 0 0 0 0 0 0 0 0 0 0 
5 1 6 17 13 27 34 46 45 92 82 99 116 135 144 160 146 187 163 180 183 178 185 210 183 202 200 187 171 188 176 203 178 176 172 206 180 181 160 167 140 171 186 198 174 158 156 153 135 143 159 154 160 150 145 166 167 148 150 113 112 139 125 120 115 116 92 114 105 122 109 102 110 94 90 80 49 13 0 0 0 0 0 0 0 0 0 0 0 0 0 0 0 0 0 0 0 0 0 0 
1 5 10 12 9 25 36 59 55 86 89 84 124 138 147 140 165 185 170 190 208 221 225 169 184 198 175 163 198 210 196 170 205 175 190 169 171 151 166 217 187 174 150 172 184 186 164 146 159 150 172 151 152 140 112 136 132 140 145 144 144 133 134 136 103 111 111 109 106 109 104 95 99 98 72 31 3 0 0 0 0 0 0 0 0 0 0 0 0 0 0 0 0 0 0 0 0 0 0 0 
3 2 10 12 19 22 44 70 66 66 98 119 138 138 138 174 176 183 180 188 196 195 172 213 186 174 212 183 201 203 178 192 188 193 185 190 169 174 185 181 157 156 184 178 159 160 147 174 151 159 188 181 137 155 133 173 131 138 118 147 143 122 148 125 111 111 132 109 110 95 107 115 76 67 14 0 0 0 0 0 0 0 0 0 0 0 0 0 0 0 0 0 0 0 0 0 0 0 0 0 
1 7 12 13 19 24 38 58 76 78 108 122 143 150 150 177 173 162 163 201 161 172 185 192 171 177 177 198 195 190 201 199 180 178 191 177 191 188 158 163 151 191 185 162 156 164 146 179 145 137 159 139 168 154 156 143 150 126 115 137 124 137 131 148 127 151 122 107 114 97 102 90 49 11 0 0 0 0 0 0 0 0 0 0 0 0 0 0 0 0 0 0 0 0 0 0 0 0 0 0 
3 7 18 15 20 41 52 67 61 95 112 128 125 144 171 164 178 205 172 228 185 188 194 203 191 181 192 184 214 195 194 187 165 189 198 197 181 191 197 174 178 166 175 140 172 170 165 173 152 154 132 163 140 134 153 156 124 128 133 140 148 129 115 128 109 120 118 147 145 115 91 43 5 0 0 0 0 0 0 0 0 0 0 0 0 0 0 0 0 0 0 0 0 0 0 0 0 0 0 0 
3 12 12 28 29 42 50 57 61 107 104 123 154 146 137 165 156 189 149 209 207 200 190 193 214 180 210 215 178 173 221 166 189 169 206 172 186 190 198 198 161 162 157 185 168 173 157 149 144 162 167 167 151 148 123 136 140 157 130 126 126 144 132 133 110 112 114 96 105 106 62 2 0 0 0 0 0 0 0 0 0 0 0 0 0 0 0 0 0 0 0 0 0 0 0 0 0 0 0 0 
4 13 22 25 30 43 54 80 88 79 121 134 143 143 168 185 173 169 200 215 194 212 214 208 187 204 189 177 184 174 190 213 194 162 172 198 201 161 179 176 174 189 136 187 181 157 149 167 143 159 175 150 132 145 146 146 162 139 136 131 128 124 118 129 113 140 122 107 92 44 1 0 0 0 0 0 0 0 0 0 0 0 0 0 0 0 0 0 0 0 0 0 0 0 0 0 0 0 0 0 
4 5 24 18 41 43 75 78 89 97 106 104 124 134 173 169 166 189 203 185 187 217 179 185 177 204 193 212 192 191 193 190 181 194 193 183 171 173 171 163 182 164 180 170 185 190 178 156 183 169 156 160 155 147 138 121 162 147 147 140 118 136 135 108 135 119 125 94 38 6 0 0 0 0 0 0 0 0 0 0 0 0 0 0 0 0 0 0 0 0 0 0 0 0 0 0 0 0 0 0 
4 15 24 24 30 37 67 82 84 108 127 131 125 129 153 180 179 186 180 191 165 187 222 193 175 180 227 165 195 197 195 184 205 193 191 189 191 186 160 169 186 160 169 174 186 183 158 177 160 166 174 173 167 158 153 155 167 159 145 165 109 140 136 110 143 143 115 52 7 0 0 0 0 0 0 0 0 0 0 0 0 0 0 0 0 0 0 0 0 0 0 0 0 0 0 0 0 0 0 0 
2 15 14 27 38 62 61 86 89 109 118 122 150 167 157 184 151 168 179 190 199 178 171 215 219 197 209 200 177 205 193 183 213 191 208 181 164 199 178 153 183 163 171 151 173 166 171 193 145 147 164 178 122 133 143 140 124 144 146 137 132 136 144 134 123 126 59 3 0 0 0 0 0 0 0 0 0 0 0 0 0 0 0 0 0 0 0 0 0 0 0 0 0 0 0 0 0 0 0 0 
3 12 18 33 48 73 70 71 75 116 116 157 159 168 174 168 207 195 204 181 197 201 188 173 193 205 185 184 204 202 190 195 206 209 196 173 180 168 164 190 182 180 190 160 174 157 158 160 177 166 170 154 148 164 133 145 134 158 158 128 126 135 148 140 131 70 11 0 0 0 0 0 0 0 0 0 0 0 0 0 0 0 0 0 0 0 0 0 0 0 0 0 0 0 0 0 0 0 0 0 
9 13 27 46 46 53 71 84 98 110 133 156 118 156 173 172 176 179 188 206 180 217 198 215 201 190 194 197 188 182 170 188 158 182 207 189 203 169 175 186 177 182 171 170 173 157 174 156 159 164 178 140 169 146 146 162 158 162 165 141 148 141 141 134 80 17 0 0 0 0 0 0 0 0 0 0 0 0 0 0 0 0 0 0 0 0 0 0 0 0 0 0 0 0 0 0 0 0 0 0 
3 12 26 45 49 60 83 82 93 128 126 160 146 142 147 168 176 204 209 155 180 176 195 207 207 197 213 209 203 193 198 168 187 211 174 192 197 205 190 186 197 190 174 175 185 183 169 168 163 168 167 178 146 171 133 164 162 146 157 152 113 142 131 107 32 0 0 0 0 0 0 0 0 0 0 0 0 0 0 0 0 0 0 0 0 0 0 0 0 0 0 0 0 0 0 0 0 0 0 0 
4 13 37 40 67 68 85 91 126 110 128 146 126 158 172 162 182 191 172 197 193 180 187 206 200 167 183 186 193 193 209 211 196 226 186 221 169 163 174 182 196 174 172 167 170 171 178 181 159 149 178 144 172 173 165 135 127 138 133 142 145 159 111 50 3 0 0 0 0 0 0 0 0 0 0 0 0 0 0 0 0 0 0 0 0 0 0 0 0 0 0 0 0 0 0 0 0 0 0 0 
8 17 30 40 58 72 92 93 99 112 113 147 136 148 163 157 176 183 166 208 199 161 188 190 204 185 204 233 212 189 199 184 194 184 194 183 156 194 188 201 198 171 168 160 156 172 150 179 161 172 168 166 168 165 163 148 146 144 151 152 140 123 85 10 0 0 0 0 0 0 0 0 0 0 0 0 0 0 0 0 0 0 0 0 0 0 0 0 0 0 0 0 0 0 0 0 0 0 0 0 
9 20 21 43 41 65 92 110 114 131 131 145 141 134 168 163 185 166 188 179 178 182 190 181 240 200 156 189 217 197 193 193 201 200 201 190 202 169 185 160 172 191 187 190 154 196 179 169 147 182 173 174 153 183 165 153 150 141 159 171 134 118 16 0 0 0 0 0 0 0 0 0 0 0 0 0 0 0 0 0 0 0 0 0 0 0 0 0 0 0 0 0 0 0 0 0 0 0 0 0 
5 27 29 42 60 64 87 80 105 121 133 130 148 179 193 171 162 192 183 173 192 215 199 212 183 191 209 193 165 196 232 223 183 196 156 175 201 203 210 162 174 198 176 190 175 172 150 172 181 175 171 161 166 148 144 144 157 154 149 147 141 47 1 0 0 0 0 0 0 0 0 0 0 0 0 0 0 0 0 0 0 0 0 0 0 0 0 0 0 0 0 0 0 0 0 0 0 0 0 0 
6 14 33 41 40 74 75 106 82 118 121 144 160 164 155 165 202 192 202 181 174 214 185 211 227 189 189 189 203 196 171 206 183 192 206 209 203 197 206 167 187 176 175 180 187 192 165 184 190 169 161 135 167 159 164 174 180 140 134 150 80 13 0 0 0 1 0 0 0 0 0 0 0 0 0 0 0 0 0 0 0 0 0 0 0 0 0 0 0 0 0 0 0 0 0 0 0 0 0 0 
6 27 42 42 60 74 79 94 109 127 127 130 152 153 173 163 183 171 207 190 171 187 210 191 221 171 185 191 199 182 181 186 196 193 178 181 162 185 176 183 213 208 187 184 171 186 171 170 173 161 144 166 161 156 144 136 168 139 152 111 30 0 0 0 0 0 0 0 0 0 0 0 0 0 0 0 0 0 0 0 0 0 0 0 0 0 0 0 0 0 0 0 0 0 0 0 0 0 0 0 
9 31 33 43 69 66 111 82 105 126 134 152 162 140 157 170 176 191 206 163 183 170 180 200 218 208 204 192 187 183 219 200 175 198 188 193 206 193 174 192 202 185 174 201 183 197 204 154 172 173 156 160 162 162 157 166 138 172 148 52 6 0 0 0 0 0 0 0 0 0 0 0 0 0 0 0 0 0 0 0 0 0 0 0 0 0 0 0 0 0 0 0 0 0 0 0 0 0 0 0 
6 18 32 56 48 75 87 99 110 118 133 149 170 162 147 179 179 191 191 200 171 175 175 210 189 219 181 203 193 196 186 174 181 213 192 188 180 183 176 186 177 182 181 179 170 169 170 157 178 155 171 173 179 157 155 164 154 142 87 10 0 0 0 0 0 0 0 0 0 0 0 0 0 0 0 0 0 0 0 0 0 0 0 0 0 0 0 0 0 0 0 0 0 0 0 0 0 0 0 0 
8 25 42 47 66 74 64 105 131 117 139 140 156 166 166 165 152 160 200 192 192 180 174 196 223 192 198 208 188 199 177 183 200 205 191 206 174 160 183 174 204 163 200 188 175 168 190 155 168 159 150 179 155 190 153 161 157 134 49 4 0 0 0 0 0 0 0 0 0 0 0 0 0 0 0 0 0 0 0 0 0 0 0 0 0 0 0 0 0 0 0 0 0 0 0 0 0 0 0 0 
9 22 33 43 65 63 95 93 113 122 128 143 141 143 152 184 197 192 182 181 168 176 218 187 185 183 207 178 199 183 195 202 190 183 171 199 195 200 190 202 200 166 162 202 208 163 173 176 183 165 169 178 150 169 143 182 149 82 12 0 0 0 0 0 0 0 0 0 0 0 0 0 0 0 0 0 0 0 0 0 0 0 0 0 0 0 0 0 0 0 0 0 0 0 0 0 0 0 0 0 
7 16 33 51 58 73 72 106 107 119 123 171 142 135 161 172 195 202 198 193 197 182 193 188 199 198 194 207 220 206 224 193 168 184 191 194 181 181 180 182 179 197 174 190 185 172 174 158 162 188 157 193 159 148 152 168 118 23 1 0 0 0 0 0 0 0 0 0 0 0 0 0 0 0 0 0 0 0 0 0 0 0 0 0 0 0 0 0 0 0 0 0 0 0 0 0 0 0 0 0 
5 36 32 39 66 62 88 96 105 135 129 117 152 173 149 197 157 169 178 194 167 194 188 184 184 191 179 207 207 179 199 202 176 181 213 204 200 162 157 198 203 197 189 194 182 161 177 160 169 196 193 163 183 168 156 156 87 7 0 0 0 0 0 0 0 0 0 0 0 0 0 0 0 0 0 0 0 0 0 0 0 0 0 0 0 0 0 0 0 0 0 0 0 0 0 0 0 0 0 0 
6 20 35 43 59 69 81 117 109 131 133 164 143 167 146 179 170 173 157 196 180 204 200 173 214 191 209 195 203 202 198 189 190 198 209 221 210 211 204 180 201 177 196 172 177 157 187 171 194 180 158 174 172 171 159 105 29 0 0 0 0 0 0 0 0 0 0 0 0 0 0 0 0 0 0 0 0 0 0 0 0 0 0 0 0 0 0 0 0 0 0 0 0 0 0 0 0 0 0 0 
6 18 34 47 52 62 71 92 107 134 135 134 168 153 169 154 182 186 170 183 174 175 190 190 180 182 182 191 189 181 189 178 213 176 212 184 198 219 183 182 196 173 192 170 193 176 182 184 155 147 189 170 164 156 151 75 5 0 0 0 0 0 0 0 0 0 0 0 0 0 0 0 0 0 0 0 0 0 0 0 0 0 0 0 0 0 0 0 0 0 0 0 0 0 0 0 0 0 0 0 
8 28 34 63 65 88 77 101 101 121 123 129 140 134 157 187 162 198 132 197 151 198 179 186 196 208 182 208 195 187 191 206 181 192 179 218 175 203 187 192 184 173 194 184 150 176 180 168 185 194 183 141 175 188 109 32 0 0 0 0 0 0 0 0 0 0 0 0 0 0 0 0 0 0 0 0 0 0 0 0 0 0 0 0 0 0 0 0 0 0 0 0 0 0 0 0 0 0 0 0 
7 18 29 49 66 66 94 116 105 142 134 124 141 158 149 150 188 198 176 176 212 176 189 197 219 213 190 193 212 198 190 189 183 188 195 189 192 191 151 183 210 182 175 166 175 179 182 184 200 183 185 165 154 141 72 4 0 0 0 0 0 0 0 0 0 0 0 0 0 0 0 0 0 0 0 0 0 0 0 0 0 0 0 0 0 0 0 0 0 0 0 0 0 0 0 0 0 0 0 0 
5 28 26 50 70 86 81 92 104 127 135 119 147 159 161 157 159 159 173 170 169 182 208 180 196 194 207 210 189 191 189 160 204 223 179 186 225 184 183 160 177 191 195 174 217 202 155 182 175 182 147 158 172 116 26 1 0 0 0 0 0 0 0 0 0 0 0 0 0 0 0 0 0 0 0 0 0 0 0 0 0 0 0 0 0 0 0 0 0 0 0 0 0 0 0 0 0 0 0 0 
11 18 32 54 56 64 95 101 122 108 131 124 136 153 157 152 181 164 180 174 168 164 189 201 204 154 169 199 190 194 191 216 211 216 161 176 216 187 177 199 165 195 188 160 198 173 191 174 170 162 185 170 158 79 7 0 0 0 0 0 0 0 0 0 0 0 0 0 0 0 0 0 0 0 0 0 0 0 0 0 0 0 0 0 0 0 0 0 0 0 0 0 0 0 0 0 0 0 0 0 
3 24 33 55 50 72 84 107 100 99 115 130 143 150 149 178 147 145 176 176 172 195 158 186 205 177 208 207 216 189 181 164 188 177 187 210 176 168 214 175 179 186 188 203 175 167 176 196 167 178 174 176 154 28 6 0 0 0 0 0 0 0 0 0 0 0 0 0 0 0 0 0 0 0 0 0 0 0 0 0 0 0 0 0 0 0 0 0 0 0 0 0 0 0 0 0 0 0 0 0 
11 17 34 65 67 69 88 100 85 111 150 136 115 133 141 161 173 187 179 176 181 195 174 181 187 207 206 188 192 196 208 192 183 206 181 190 188 203 176 195 212 181 185 199 185 161 166 172 175 188 199 163 87 7 0 0 0 0 0 0 0 0 0 0 0 0 0 0 0 0 0 0 0 0 0 0 0 0 0 0 0 0 0 0 0 0 0 0 0 0 0 0 0 0 0 0 0 0 0 0 
8 14 39 43 62 76 89 82 116 120 141 150 168 134 148 153 172 174 175 152 160 176 206 192 189 199 177 200 216 172 169 170 175 166 193 202 214 164 167 178 195 220 170 196 183 167 181 171 176 182 163 161 45 0 0 0 0 0 0 0 0 0 0 0 0 0 0 0 0 0 0 0 0 0 0 0 0 0 0 0 0 0 0 0 0 0 0 0 0 0 0 0 0 0 0 0 0 0 0 0 
7 27 33 39 57 79 71 101 99 131 108 124 139 149 143 142 149 193 177 151 198 154 180 203 182 193 201 189 192 187 201 198 215 221 178 213 187 189 167 221 167 178 204 193 174 162 168 177 162 174 199 100 8 0 0 0 0 0 0 0 0 0 0 0 0 0 0 0 0 0 0 0 0 0 0 0 0 0 0 0 0 0 0 0 0 0 0 0 0 0 0 0 0 0 0 0 0 0 0 0 
5 17 39 51 61 73 81 89 105 115 137 140 154 168 151 152 170 193 155 178 194 160 193 197 181 197 203 205 200 190 198 187 205 171 193 194 192 187 206 196 194 190 182 209 185 200 151 181 183 178 156 54 2 0 0 0 0 0 0 0 0 0 0 0 0 0 0 0 0 0 0 0 0 0 0 0 0 0 0 0 0 0 0 0 0 0 0 0 0 0 0 0 0 0 0 0 0 0 0 0 
9 20 28 48 45 54 116 104 113 115 111 131 132 157 160 157 148 152 155 184 193 180 182 204 191 170 194 160 182 197 200 187 186 189 192 184 217 188 189 172 182 196 181 179 193 182 180 211 205 165 111 11 0 0 0 0 0 0 0 0 0 0 0 0 0 0 0 0 0 0 0 0 0 0 0 0 0 0 0 0 0 0 0 0 0 0 0 0 0 0 0 0 0 0 0 0 0 0 0 0 
9 17 43 36 59 63 74 96 101 108 122 136 127 141 137 149 172 150 160 175 186 203 181 188 209 176 191 191 188 215 211 199 198 208 199 187 192 193 204 180 204 177 181 174 165 177 198 182 183 162 79 4 0 0 0 0 0 0 0 0 0 0 0 0 0 0 0 0 0 0 0 0 0 0 0 0 0 0 0 0 0 0 0 0 0 0 0 0 0 0 0 0 0 0 0 0 0 0 0 0 
5 16 26 42 73 79 89 85 103 113 117 132 145 144 153 139 162 175 185 184 145 175 193 171 228 186 180 182 224 201 170 196 195 204 175 180 186 174 178 198 178 208 207 202 175 207 214 214 165 143 24 0 0 0 0 0 0 0 0 0 0 0 0 0 0 0 0 0 0 0 0 0 0 0 0 0 0 0 0 0 0 0 0 0 0 0 0 0 0 0 0 0 0 0 0 0 0 0 0 0 
5 15 32 51 70 83 81 78 105 112 115 115 117 152 140 197 164 169 187 146 176 181 189 182 194 168 197 196 176 172 165 198 200 198 203 190 204 209 182 172 211 208 193 196 190 198 177 189 185 98 6 0 0 0 0 0 0 0 0 0 0 0 0 0 0 0 0 0 0 0 0 0 0 0 0 0 0 0 0 0 0 0 0 0 0 0 0 0 0 0 0 0 0 0 0 0 0 0 0 0 
5 26 30 44 46 62 73 80 97 96 99 150 146 141 140 143 176 185 184 173 183 183 179 187 199 198 173 188 202 207 207 201 204 200 185 197 180 193 185 200 183 201 202 179 195 185 199 176 154 49 2 0 0 0 0 0 0 0 0 0 0 0 0 0 0 0 0 0 0 0 0 0 0 0 0 0 0 0 0 0 0 0 0 0 0 0 0 0 0 0 0 0 0 0 0 0 0 0 0 0 
9 18 31 38 59 60 95 88 116 126 124 132 111 139 156 151 168 161 169 190 173 185 182 158 209 204 206 196 201 166 218 159 203 222 198 199 199 202 197 186 210 204 181 192 195 192 169 187 99 14 0 0 0 0 0 0 0 0 0 0 0 0 0 0 0 0 0 0 0 0 0 0 0 0 0 0 0 0 0 0 0 0 0 0 0 0 0 0 0 0 0 0 0 0 0 0 0 0 0 0 
3 18 40 46 69 73 82 100 81 107 143 117 134 133 141 158 151 148 164 166 166 173 151 185 199 162 182 170 208 176 177 181 205 177 202 178 217 184 170 204 208 209 165 189 194 183 168 193 59 3 0 0 0 0 0 0 0 0 0 0 0 0 0 0 0 0 0 0 0 0 0 0 0 0 0 0 0 0 0 0 0 0 0 0 0 0 0 0 0 0 0 0 0 0 0 0 0 0 0 0 
9 16 25 37 69 62 84 101 89 125 130 136 131 121 155 137 172 155 157 166 198 153 171 186 169 189 208 192 168 181 217 175 171 205 176 180 175 191 191 190 194 199 175 190 191 202 198 134 38 0 0 0 0 0 0 0 0 0 0 0 0 0 0 0 0 0 0 0 0 0 0 0 0 0 0 0 0 0 0 0 0 0 0 0 0 0 0 0 0 0 0 0 0 0 0 0 0 0 0 0 
5 21 30 50 68 69 89 85 83 109 114 112 126 141 126 150 170 141 176 174 175 182 186 185 176 206 193 172 194 181 188 189 209 184 177 172 202 186 193 207 181 200 189 180 185 194 185 96 13 0 0 0 0 0 0 0 0 0 0 0 0 0 0 0 0 0 0 0 0 0 0 0 0 0 0 0 0 0 0 0 0 0 0 0 0 0 0 0 0 0 0 0 0 0 0 0 0 0 0 0 
8 13 24 55 56 74 89 95 96 110 110 120 132 134 165 162 153 161 157 193 175 175 186 187 185 185 195 216 184 174 187 180 178 191 206 183 191 209 206 184 206 209 214 192 188 191 165 62 2 0 0 0 0 0 0 0 0 0 0 0 0 0 0 0 0 0 0 0 0 0 0 0 0 0 0 0 0 0 0 0 0 0 0 0 0 0 0 0 0 0 0 0 0 0 0 0 0 0 0 0 
2 17 25 38 52 50 59 72 96 119 105 122 132 147 175 169 142 176 163 177 160 197 214 188 155 177 192 185 197 176 191 183 203 203 194 173 214 194 211 218 188 177 177 208 210 203 144 29 0 0 0 0 0 0 0 0 0 0 0 0 0 0 0 0 0 0 0 0 0 0 0 0 0 0 0 0 0 0 0 0 0 0 0 0 0 0 0 0 0 0 0 0 0 0 0 0 0 0 0 0 
5 16 29 40 52 61 72 74 98 92 130 121 122 132 144 133 184 175 148 178 162 175 171 165 181 194 186 198 191 218 163 170 215 160 209 184 201 203 193 203 194 215 183 196 192 179 85 4 0 0 0 0 0 0 0 0 0 0 0 0 0 0 0 0 0 0 0 0 0 0 0 0 0 0 0 0 0 0 0 0 0 0 0 0 0 0 0 0 0 0 0 0 0 0 0 0 0 0 0 0 
8 21 38 33 53 81 96 111 90 83 112 124 122 117 134 162 175 157 180 156 191 153 170 170 210 190 183 194 182 179 183 195 222 189 196 196 179 210 175 185 214 188 200 184 204 159 48 0 0 0 0 0 0 0 0 0 0 0 0 0 0 0 0 0 0 0 0 0 0 0 0 0 0 0 0 0 0 0 0 0 0 0 0 0 0 0 0 0 0 0 0 0 0 0 0 0 0 0 0 0 
6 24 39 37 67 47 65 78 96 98 124 121 136 141 141 170 167 158 148 164 168 185 192 182 194 176 188 169 178 189 216 174 197 207 179 193 182 187 222 187 222 209 183 205 184 120 20 0 0 0 0 0 0 0 0 0 0 0 0 0 0 0 0 0 0 0 0 0 0 0 0 0 0 0 0 0 0 0 0 0 0 0 0 0 0 0 0 0 0 0 0 0 0 0 0 0 0 0 0 0 
12 15 35 47 65 59 75 72 98 100 136 121 132 133 158 159 133 169 188 164 195 160 185 172 204 197 164 182 204 190 197 205 196 201 202 200 194 204 193 194 203 188 211 206 180 74 6 0 0 0 0 0 0 0 0 0 0 0 0 0 0 0 0 0 0 0 0 0 0 0 0 0 0 0 0 0 0 0 0 0 0 0 0 0 0 0 0 0 0 0 0 0 0 0 0 0 0 0 0 0 
3 21 35 43 61 61 71 87 86 111 108 114 126 127 142 157 146 142 173 204 147 170 192 193 191 181 185 186 164 198 184 206 198 188 207 192 197 213 182 197 191 215 176 209 147 42 0 0 0 0 0 0 0 0 0 0 0 0 0 0 0 0 0 0 0 0 0 0 0 0 0 0 0 0 0 0 0 0 0 0 0 0 0 0 0 0 0 0 0 0 0 0 0 0 0 0 0 0 0 0 
4 17 36 36 41 59 68 94 92 105 112 112 146 128 134 121 151 169 151 172 195 199 186 217 157 193 175 177 204 186 194 180 206 202 169 189 194 237 200 180 205 208 210 180 107 16 0 0 0 0 0 0 0 0 0 0 0 0 0 0 0 0 0 0 0 0 0 0 0 0 0 0 0 0 0 0 0 0 0 0 0 0 0 0 0 0 0 0 0 0 0 0 0 0 0 0 0 0 0 0 
5 13 40 31 45 61 81 78 86 108 129 108 126 119 145 160 160 156 177 177 172 177 170 185 196 190 181 201 198 192 211 190 203 212 189 202 199 184 212 206 180 179 182 197 55 2 0 0 0 0 0 0 0 0 0 0 0 0 0 0 0 0 0 0 0 0 0 0 0 0 0 0 0 0 0 0 0 0 0 0 0 0 0 0 0 0 0 0 0 0 0 0 0 0 0 0 0 0 0 0 
6 18 36 28 54 64 69 79 102 97 108 116 124 125 131 149 153 148 175 177 159 166 168 181 185 166 191 203 210 175 230 191 209 219 212 167 190 189 218 207 198 202 188 125 40 0 0 0 0 0 0 0 0 0 0 0 0 0 0 0 0 0 0 0 0 0 0 0 0 0 0 0 0 0 0 0 0 0 0 0 0 0 0 0 0 0 0 0 0 0 0 0 0 0 0 0 0 0 0 0 
3 15 36 29 47 68 82 90 96 91 128 104 136 130 154 154 154 138 167 174 164 175 205 186 174 165 186 192 202 202 209 212 213 207 180 198 220 220 213 197 213 187 196 124 11 0 0 0 0 0 0 0 0 0 0 0 0 0 0 0 0 0 0 0 0 0 0 0 0 0 0 0 0 0 0 0 0 0 0 0 0 0 0 0 0 0 0 0 0 0 0 0 0 0 0 0 0 0 0 0 
5 11 28 31 54 57 69 76 99 92 120 118 113 149 120 151 168 162 149 160 171 188 170 154 178 183 185 153 178 192 198 201 197 180 201 218 205 205 224 220 211 175 161 63 7 0 0 0 0 0 0 0 0 0 0 0 0 0 0 0 0 0 0 0 0 0 0 0 0 0 0 0 0 0 0 0 0 0 0 0 0 0 0 0 0 0 0 0 0 0 0 0 0 0 0 0 0 0 0 0 
11 14 38 51 54 70 77 73 100 98 115 118 119 117 149 132 122 155 177 164 183 174 182 204 196 194 200 198 201 204 199 190 169 166 182 192 211 199 188 214 207 201 162 27 0 0 0 0 0 0 0 0 0 0 0 0 0 0 0 0 0 0 0 0 0 0 0 0 0 0 0 0 0 0 0 0 0 0 0 0 0 0 0 0 0 0 0 0 0 0 0 0 0 0 0 0 0 0 0 0 
8 15 26 35 52 65 54 85 106 102 125 135 125 130 113 150 154 150 161 154 187 169 179 162 190 187 191 195 206 177 169 173 193 159 196 219 211 171 199 219 207 193 111 8 0 0 0 0 0 0 0 0 0 0 0 0 0 0 0 0 0 0 0 0 0 0 0 0 0 0 0 0 0 0 0 0 0 0 0 0 0 0 0 0 0 0 0 0 0 0 0 0 0 0 0 0 0 0 0 0 
7 21 34 38 54 52 69 93 94 98 115 108 154 121 150 153 146 152 147 158 177 195 163 181 183 156 181 188 204 212 169 188 191 188 187 193 200 212 207 201 198 184 76 2 0 0 0 0 0 0 0 0 0 0 0 0 0 0 0 0 0 0 0 0 0 0 0 0 0 0 0 0 0 0 0 0 0 0 0 0 0 0 0 0 0 0 0 0 0 0 0 0 0 0 0 0 0 0 0 0 
3 20 24 32 55 70 67 85 90 110 101 116 122 112 136 157 131 156 176 164 193 163 199 172 148 206 166 184 206 208 177 195 204 199 192 214 195 206 199 194 219 135 34 1 0 0 0 0 0 0 0 0 0 0 0 0 0 0 0 0 0 0 0 0 0 0 0 0 0 0 0 0 0 0 0 0 0 0 0 0 0 0 0 0 0 0 0 0 0 0 0 0 0 0 0 0 0 0 0 0 
6 18 27 47 47 58 64 89 91 88 113 137 136 125 143 153 151 146 164 189 156 173 167 165 184 192 207 195 198 211 203 187 191 198 222 204 206 204 212 201 195 127 8 0 0 0 0 0 0 0 0 0 0 0 0 0 0 0 0 0 0 0 0 0 0 0 0 0 0 0 0 0 0 0 0 0 0 0 0 0 0 0 0 0 0 0 0 0 0 0 0 0 0 0 0 0 0 0 0 0 
5 20 31 35 40 51 66 87 100 100 117 132 122 149 121 146 135 172 144 185 162 168 174 189 143 224 190 165 184 165 195 218 198 182 197 202 210 209 225 189 164 52 1 0 0 0 0 0 0 0 0 0 0 0 0 0 0 0 0 0 0 0 0 0 0 0 0 0 0 0 0 0 0 0 0 0 0 0 0 0 0 0 0 0 0 0 0 0 0 0 0 0 0 0 0 0 0 0 0 0 
4 17 27 43 50 62 77 81 87 105 94 119 126 125 139 117 134 156 156 154 205 183 175 206 166 202 195 186 184 203 196 179 188 212 213 193 192 189 203 207 160 33 0 0 0 0 0 0 0 0 0 0 0 0 0 0 0 0 0 0 0 0 0 0 0 0 0 0 0 0 0 0 0 0 0 0 0 0 0 0 0 0 0 0 0 0 0 0 0 0 0 0 0 0 0 0 0 0 0 0 
3 16 34 41 44 65 66 86 108 100 101 107 128 123 139 156 158 168 142 181 171 184 182 204 178 192 154 195 200 200 202 183 213 181 180 214 204 188 227 209 103 8 0 0 0 0 0 0 0 0 0 0 0 0 0 0 0 0 0 0 0 0 0 0 0 0 0 0 0 0 0 0 0 0 0 0 0 0 0 0 0 0 0 0 0 0 0 0 0 0 0 0 0 0 0 0 0 0 0 0 
4 13 24 44 35 54 75 74 96 95 123 109 114 129 141 153 135 155 144 173 158 166 184 163 204 194 169 183 191 195 205 187 201 182 186 208 182 235 215 159 82 5 0 0 0 0 0 0 0 0 0 0 0 0 0 0 0 0 0 0 0 0 0 0 0 0 0 0 0 0 0 0 0 0 0 0 0 0 0 0 0 0 0 0 0 0 0 0 0 0 0 0 0 0 0 0 0 0 0 0 
10 15 38 38 42 63 73 66 96 90 85 128 125 139 108 155 170 122 179 178 155 188 161 170 185 191 176 164 208 174 188 203 180 198 197 190 207 192 202 140 25 0 0 0 0 0 0 0 0 0 0 0 0 0 0 0 0 0 0 0 0 0 0 0 0 0 0 0 0 0 0 0 0 0 0 0 0 0 0 0 0 0 0 0 0 0 0 0 0 0 0 0 0 0 0 0 0 0 0 0 
0 20 29 42 42 64 64 72 79 114 114 99 133 133 151 156 113 150 155 151 161 163 181 163 193 189 208 191 203 183 211 179 193 199 193 195 228 197 177 97 19 0 0 0 0 0 0 0 0 0 0 0 0 0 0 0 0 0 0 0 0 0 0 0 0 0 0 0 0 0 0 0 0 0 0 0 0 0 0 0 0 0 0 0 0 0 0 0 0 0 0 0 0 0 0 0 0 0 0 0 
4 9 29 45 52 54 77 77 88 95 112 125 124 122 127 165 137 153 144 169 170 177 169 192 207 193 164 186 190 195 186 207 206 182 203 179 186 210 190 78 5 0 0 0 0 0 0 0 0 0 0 0 0 0 0 0 0 0 0 0 0 0 0 0 0 0 0 0 0 0 0 0 0 0 0 0 0 0 0 0 0 0 0 0 0 0 0 0 0 0 0 0 0 0 0 0 0 0 0 0 
6 15 30 45 38 70 86 72 94 81 102 107 100 109 152 146 122 152 147 155 156 193 166 157 177 166 186 202 204 193 185 204 184 216 177 209 209 230 145 44 1 0 0 0 0 0 0 0 0 0 0 0 0 0 0 0 0 0 0 0 0 0 0 0 0 0 0 0 0 0 0 0 0 0 0 0 0 0 0 0 0 0 0 0 0 0 0 0 0 0 0 0 0 0 0 0 0 0 0 0 
4 13 33 33 55 54 69 68 83 97 109 104 143 136 121 137 141 139 152 136 165 180 182 173 191 194 191 188 198 181 206 210 187 218 207 173 214 213 121 16 0 0 0 0 1 0 0 0 0 0 0 0 0 0 0 0 0 0 0 0 0 0 0 0 0 0 0 0 0 0 0 0 0 0 0 0 0 0 0 0 0 0 0 0 0 0 0 0 0 0 0 0 0 0 0 0 0 0 0 0 
3 13 23 26 48 57 61 74 94 84 114 119 112 121 120 132 131 161 167 167 171 167 183 191 160 182 160 198 188 183 200 192 177 218 220 221 211 186 77 10 0 0 0 0 0 0 0 0 0 0 0 0 0 0 0 0 0 0 0 0 0 0 0 0 0 0 0 0 0 0 0 0 0 0 0 0 0 0 0 0 0 0 0 0 0 0 0 0 0 0 0 0 0 0 0 0 0 0 0 0 
14 17 32 50 54 56 85 74 99 87 100 102 113 127 150 120 144 164 147 168 176 159 170 173 189 200 190 170 199 193 202 200 190 213 188 197 198 169 50 5 0 0 0 0 0 0 0 0 0 0 0 0 0 0 0 0 0 0 0 0 0 0 0 0 0 0 0 0 0 0 0 0 0 0 0 0 0 0 0 0 0 0 0 0 0 0 0 0 0 0 0 0 0 0 0 0 0 0 0 0 
5 17 30 35 49 42 59 66 61 101 93 118 114 144 131 140 144 178 142 149 159 144 178 181 195 194 184 184 170 182 193 211 181 190 199 210 193 134 20 0 0 0 0 0 0 0 0 0 0 0 0 0 0 0 0 0 0 0 0 0 0 0 0 0 0 0 0 0 0 0 0 0 0 0 0 0 0 0 0 0 0 0 0 0 0 0 0 0 0 0 0 0 0 0 0 0 0 0 0 0 
10 13 31 40 70 58 53 84 82 80 93 102 114 123 133 123 137 134 143 172 164 157 175 177 164 181 206 196 178 184 190 185 189 199 198 196 183 107 8 0 0 0 0 0 0 0 0 0 0 0 0 0 0 0 0 0 0 0 0 0 0 0 0 0 0 0 0 0 0 0 0 0 0 0 0 0 0 0 0 0 0 0 0 0 0 0 0 0 0 0 0 0 0 0 0 0 0 0 0 0 
2 10 34 34 59 47 69 71 81 85 107 94 146 132 135 156 140 174 155 152 158 165 192 148 179 169 178 172 192 217 224 201 214 206 218 221 191 70 3 0 0 0 0 0 0 0 0 0 0 0 0 0 0 0 0 0 0 0 0 0 0 0 0 0 0 0 0 0 0 0 0 0 0 0 0 0 0 0 0 0 0 0 0 0 0 0 0 0 0 0 0 0 0 0 0 0 0 0 0 0 
6 15 31 40 39 55 77 87 73 83 106 110 135 128 125 142 157 158 166 155 167 168 168 174 164 201 186 187 180 181 193 208 183 175 191 216 154 27 0 0 0 0 0 0 0 0 0 0 0 0 0 0 0 0 0 0 0 0 0 0 0 0 0 0 0 0 0 0 0 0 0 0 0 0 0 0 0 0 0 0 0 0 0 0 0 0 0 0 0 0 0 0 0 0 0 0 0 0 0 0 
5 17 26 35 49 47 83 87 71 87 107 107 124 118 146 134 123 138 144 158 154 176 189 176 170 164 191 190 180 185 195 193 205 197 241 205 119 14 0 0 0 0 0 0 0 0 0 0 0 0 0 0 0 0 0 0 0 0 0 0 0 0 0 0 0 0 0 0 0 0 0 0 0 0 0 0 0 0 0 0 0 0 0 0 0 0 0 0 0 0 0 0 0 0 0 0 0 0 0 0 
2 20 31 50 53 56 74 79 78 114 98 87 109 125 126 118 150 143 129 179 154 167 185 154 189 181 154 160 190 201 195 192 204 197 231 207 93 10 0 0 0 0 0 0 0 0 0 0 0 0 0 0 0 0 0 0 0 0 0 0 0 0 0 0 0 0 0 0 0 0 0 0 0 0 0 0 0 0 0 0 0 0 0 0 0 0 0 0 0 0 0 0 0 0 0 0 0 0 0 0 
7 16 26 34 37 34 64 82 81 103 108 96 127 113 125 134 141 154 146 156 168 171 166 178 186 186 174 179 175 208 197 180 202 201 197 161 40 0 0 0 0 0 0 0 0 0 0 0 0 0 0 0 0 0 0 0 0 0 0 0 0 0 0 0 0 0 0 0 0 0 0 0 0 0 0 0 0 0 0 0 0 0 0 0 0 0 0 0 0 0 0 0 0 0 0 0 0 0 0 0 
6 23 36 43 52 47 64 76 83 93 84 112 117 123 147 134 132 137 169 162 142 187 174 195 202 186 175 175 172 179 225 205 216 206 213 121 20 0 0 0 0 0 0 0 0 0 0 0 0 0 0 0 0 0 0 0 0 0 0 0 0 0 0 0 0 0 0 0 0 0 0 0 0 0 0 0 0 0 0 0 0 0 0 0 0 0 0 0 0 0 0 0 0 0 0 0 0 0 0 0 
7 18 35 45 47 57 70 70 84 84 134 112 112 131 118 145 136 150 159 140 182 163 175 154 189 161 162 190 176 185 194 209 191 193 194 86 8 0 0 0 0 0 0 0 0 0 0 0 0 0 0 0 0 0 0 0 0 0 0 0 0 0 0 0 0 0 0 0 0 0 0 0 0 0 0 0 0 0 0 0 0 0 0 0 0 0 0 0 0 0 0 0 0 0 0 0 0 0 0 0 
5 20 27 27 43 57 63 66 96 92 96 102 109 136 129 125 142 138 146 167 157 168 179 175 185 186 183 206 189 195 192 196 221 216 161 58 1 0 0 0 0 0 0 0 0 0 0 0 0 0 0 0 0 0 0 0 0 0 0 0 0 0 0 0 0 0 0 0 0 0 0 0 0 0 0 0 0 0 0 0 0 0 0 0 0 0 0 0 0 0 0 0 0 0 0 0 0 0 0 0 
6 15 22 32 40 49 70 73 93 86 97 111 117 143 110 126 139 161 151 167 156 171 158 172 171 170 169 179 184 204 182 234 175 186 163 29 0 0 0 0 0 0 0 0 0 0 0 0 0 0 0 0 0 0 0 0 0 0 0 0 0 0 0 0 0 0 0 0 0 0 0 0 0 0 0 0 0 0 0 0 0 0 0 0 0 0 0 0 0 0 0 0 0 0 0 0 0 0 0 0 
4 15 18 29 59 60 54 76 78 100 108 104 114 117 119 144 147 148 143 157 168 181 155 156 185 169 178 202 208 212 185 212 236 184 104 10 0 0 0 0 0 0 0 0 0 0 0 0 0 0 0 0 0 0 0 0 0 0 0 0 0 0 0 0 0 0 0 0 0 0 0 0 0 0 0 0 0 0 0 0 0 0 0 0 0 0 0 0 0 0 0 0 0 0 0 0 0 0 0 0 
2 15 36 39 34 51 69 62 98 110 111 100 110 107 105 130 137 149 159 154 169 170 167 166 169 178 194 182 195 192 171 231 235 163 51 3 0 0 0 0 0 0 0 0 0 0 0 0 0 0 0 0 0 0 0 0 0 0 0 0 0 0 0 0 0 0 0 0 0 0 0 0 0 0 0 0 0 0 0 0 0 0 0 0 0 0 0 0 0 0 0 0 0 0 0 0 0 0 0 0 
2 13 23 28 51 47 60 79 104 86 96 94 99 124 124 124 159 155 154 168 155 155 165 160 187 184 202 179 184 205 183 182 199 186 49 0 0 0 0 0 0 0 0 0 0 0 0 0 0 0 0 0 0 0 0 0 0 0 0 0 0 0 0 0 0 0 0 0 0 0 0 0 0 0 0 0 0 0 0 0 0 0 0 0 0 0 0 0 0 0 0 0 0 0 0 0 0 0 0 0 
5 13 25 50 35 45 73 67 76 84 113 89 107 125 122 138 155 161 145 174 152 181 144 202 187 173 178 188 187 188 212 196 173 140 13 0 0 0 0 0 0 0 0 0 0 0 0 0 0 0 0 0 0 0 0 0 0 0 0 0 0 0 0 0 0 0 0 0 0 0 0 0 0 0 0 0 0 0 0 0 0 0 0 0 0 0 0 0 0 0 0 0 0 0 0 0 0 0 0 0 
3 14 25 42 46 55 60 86 77 75 115 107 112 111 131 123 156 153 142 184 133 156 185 144 175 173 214 176 217 194 209 191 205 97 6 0 0 0 0 0 0 0 0 0 0 0 0 0 0 0 0 0 0 0 0 0 0 0 0 0 0 0 0 0 0 0 0 0 0 0 0 0 0 0 0 0 0 0 0 0 0 0 0 0 0 0 0 0 0 0 0 0 0 0 0 0 0 0 0 0 
2 19 27 27 43 59 62 75 88 97 114 119 115 138 137 136 130 144 164 163 162 167 188 161 168 173 214 190 202 190 194 199 170 60 1 0 0 0 0 0 0 0 0 0 0 0 0 0 0 0 0 0 0 0 0 0 0 0 0 0 0 0 0 0 0 0 0 0 0 0 0 0 0 0 0 0 0 0 0 0 0 0 0 0 0 0 0 0 0 0 0 0 0 0 0 0 0 0 0 0 
2 12 21 36 49 36 78 77 80 95 87 87 107 112 126 122 146 157 135 161 174 162 165 190 175 161 176 200 187 182 209 211 136 32 0 0 0 0 0 0 0 0 0 0 0 0 0 0 0 0 0 0 0 0 0 0 0 0 0 0 0 0 0 0 0 0 0 0 0 0 0 0 0 0 0 0 0 0 0 0 0 0 0 0 0 0 0 0 0 0 0 0 0 0 0 0 0 0 0 0 
2 8 29 37 34 53 59 79 89 84 102 95 109 119 106 139 151 154 147 169 161 182 158 192 176 201 193 187 201 183 212 198 113 6 0 0 0 0 0 0 0 0 0 0 0 0 0 0 0 0 0 0 0 0 0 0 0 0 0 0 0 0 0 0 0 0 0 0 0 0 0 0 0 0 0 0 0 0 0 0 0 0 0 0 0 0 0 0 0 0 0 0 0 0 0 0 0 0 0 0 
1 16 26 28 56 62 61 84 77 95 89 121 116 121 131 133 122 140 156 176 160 161 161 171 192 182 203 190 182 171 182 204 92 3 0 0 0 0 0 0 0 0 0 0 0 0 0 0 0 0 0 0 0 0 0 0 0 0 0 0 0 0 0 0 0 0 0 0 0 0 0 0 0 0 0 0 0 0 0 0 0 0 0 0 0 0 0 0 0 0 0 0 0 0 0 0 0 0 0 0 
2 17 18 27 37 60 65 55 69 91 99 108 116 144 109 132 134 147 142 188 159 151 177 172 191 180 174 207 183 210 230 153 47 0 0 0 0 0 0 0 0 0 0 0 0 0 0 0 0 0 0 0 0 0 0 0 0 0 0 0 0 0 0 0 0 0 0 0 0 0 0 0 0 0 0 0 0 0 0 0 0 0 0 0 0 0 0 0 0 0 0 0 0 0 0 0 0 0 0 0 
7 21 28 30 32 55 51 85 70 97 98 112 115 130 115 131 134 153 177 157 164 160 171 182 166 184 188 199 189 179 179 118 15 0 0 0 0 0 0 0 0 0 0 0 0 0 0 0 0 0 0 0 0 0 0 0 0 0 0 0 0 0 0 0 0 0 0 0 0 0 0 0 0 0 0 0 0 0 0 0 0 0 0 0 0 0 0 0 0 0 0 0 0 0 0 0 0 0 0 0 
4 14 24 24 41 56 75 68 86 97 124 98 118 141 140 133 147 127 141 170 165 174 170 182 178 184 177 165 202 204 185 87 7 0 0 0 0 0 0 0 0 0 0 0 0 0 0 0 0 0 0 0 0 0 0 0 0 0 0 0 0 0 0 0 0 0 0 0 0 0 0 0 0 0 0 0 0 0 0 0 0 0 0 0 0 0 0 0 0 0 0 0 0 0 0 0 0 0 0 0 
7 19 24 39 57 53 75 73 74 91 114 105 125 114 137 147 126 135 132 145 135 154 165 174 200 216 196 197 178 195 195 66 2 0 0 0 0 0 0 0 0 0 0 0 0 0 0 0 0 0 0 0 0 0 0 0 0 0 0 0 0 0 0 0 0 0 0 0 0 0 0 0 0 0 0 0 0 0 0 0 0 0 0 0 0 0 0 0 0 0 0 0 0 0 0 0 0 0 0 0 
3 12 29 32 37 50 58 73 73 95 92 116 141 101 148 120 149 153 145 162 142 152 159 164 180 179 178 193 193 207 148 27 0 0 0 0 0 0 0 0 0 0 0 0 0 0 0 0 0 0 0 0 0 0 0 0 0 0 0 0 0 0 0 0 0 0 0 0 0 0 0 0 0 0 0 0 0 0 0 0 0 0 0 0 0 0 0 0 0 0 0 0 0 0 0 0 0 0 0 0 
8 12 29 41 48 67 59 57 77 81 92 100 131 112 125 142 127 161 166 147 143 157 177 180 150 185 188 194 179 204 106 10 0 0 0 0 0 0 0 0 0 0 0 0 0 0 0 0 0 0 0 0 0 0 0 0 0 0 0 0 0 0 0 0 0 0 0 0 0 0 0 0 0 0 0 0 0 0 0 0 0 0 0 0 0 0 0 0 0 0 0 0 0 0 0 0 0 0 0 0 
8 19 30 32 56 44 50 69 87 82 106 104 105 115 126 124 148 144 149 129 173 163 158 203 170 188 205 200 178 181 87 4 0 0 0 0 0 0 0 0 0 0 0 0 0 0 0 0 0 0 0 0 0 0 0 0 0 0 0 0 0 0 0 0 0 0 0 0 0 0 0 0 0 0 0 0 0 0 0 0 0 0 0 0 0 0 0 0 0 0 0 0 0 0 0 0 0 0 0 0 
5 13 29 41 51 55 66 62 75 86 106 99 113 113 126 133 136 169 151 152 154 167 161 180 168 184 197 188 208 165 47 0 0 0 0 0 0 0 0 0 0 0 0 0 0 0 0 0 0 0 0 0 0 0 0 0 0 0 0 0 0 0 0 0 0 0 0 0 0 0 0 0 0 0 0 0 0 0 0 0 0 0 0 0 0 0 0 0 0 0 0 0 0 0 0 0 0 0 0 0 
5 11 23 35 38 55 70 72 72 78 85 111 102 117 113 126 122 145 157 171 161 201 165 163 181 190 182 197 183 131 15 0 0 0 0 0 0 0 0 0 0 0 0 0 0 0 0 0 0 0 0 0 0 0 0 0 0 0 0 0 0 0 0 0 0 0 0 0 0 0 0 0 0 0 0 0 0 0 0 0 0 0 0 0 0 0 0 0 0 0 0 0 0 0 0 0 0 0 0 0 
6 20 21 34 29 46 66 82 81 81 107 109 123 125 143 120 129 129 128 151 184 158 182 159 191 177 191 219 178 73 5 0 0 0 0 0 0 0 0 0 0 0 0 0 0 0 0 0 0 0 0 0 0 0 0 0 0 0 0 0 0 0 0 0 0 0 0 0 0 0 0 0 0 0 0 0 0 0 0 0 0 0 0 0 0 0 0 0 0 0 0 0 0 0 0 0 0 0 0 0 
4 10 19 26 60 45 73 66 89 94 91 109 112 112 122 124 142 133 127 166 161 166 195 170 199 195 193 188 171 51 1 1 0 0 0 0 0 0 0 0 0 0 0 0 0 0 0 0 0 0 0 0 0 0 0 0 0 0 0 0 0 0 0 0 0 0 0 0 0 0 0 0 0 0 0 0 0 0 0 0 0 0 0 0 0 0 0 0 0 0 0 0 0 0 0 0 0 0 0 0 
1 20 16 30 55 56 69 66 79 93 98 93 102 135 121 140 147 141 140 146 166 183 172 199 166 186 185 183 129 26 0 0 0 0 0 0 0 0 0 0 0 0 0 0 0 0 0 0 0 0 0 0 0 0 0 0 0 0 0 0 0 0 0 0 0 0 0 0 0 0 0 0 0 0 0 0 0 0 0 0 0 0 0 0 0 0 0 0 0 0 0 0 0 0 0 0 0 0 0 0 
4 12 31 25 44 55 58 72 88 81 85 110 116 111 130 119 141 152 154 159 180 153 181 179 199 183 194 181 103 15 0 0 0 0 0 0 0 0 0 0 0 0 0 0 0 0 0 0 0 0 0 0 0 0 0 0 0 0 0 0 0 0 0 0 0 0 0 0 0 0 0 0 0 0 0 0 0 0 0 0 0 0 0 0 0 0 0 0 0 0 0 0 0 0 0 0 0 0 0 0 
2 18 17 31 44 49 62 63 74 93 108 96 130 129 130 121 145 128 158 164 158 161 164 182 161 188 210 154 67 8 0 0 0 0 0 0 0 0 0 0 0 0 0 0 0 0 0 0 0 0 0 0 0 0 0 0 0 0 0 0 0 0 0 0 0 0 0 0 0 0 0 0 0 0 0 0 0 0 0 0 0 0 0 0 0 0 0 0 0 0 0 0 0 0 0 0 0 0 0 0 
4 16 27 41 46 60 40 73 88 92 79 85 114 113 118 134 132 162 134 174 169 202 179 173 170 188 205 178 50 0 0 0 0 0 0 0 0 0 0 0 0 0 0 0 0 0 0 0 0 0 0 0 0 0 0 0 0 0 0 0 0 0 0 0 0 0 0 0 0 0 0 0 0 0 0 0 0 0 0 0 0 0 0 0 0 0 0 0 0 0 0 0 0 0 0 0 0 0 0 0 
4 19 24 42 41 58 63 67 80 84 116 98 127 115 131 139 160 130 152 142 174 134 170 202 183 193 204 119 18 0 0 0 0 0 0 0 0 0 0 0 0 0 0 0 0 0 0 0 0 0 0 0 0 0 0 0 0 0 0 0 0 0 0 0 0 0 0 0 0 0 0 0 0 0 0 0 0 0 0 0 0 0 0 0 0 0 0 0 0 0 0 0 0 0 0 0 0 0 0 0 
8 18 30 28 42 65 50 76 78 89 90 101 122 115 117 145 127 129 165 154 157 194 172 142 170 162 181 91 10 0 0 0 0 0 0 0 0 0 0 0 0 0 0 0 0 0 0 0 0 0 0 0 0 0 0 0 0 0 0 0 0 0 0 0 0 0 0 0 0 0 0 0 0 0 0 0 0 0 0 0 0 0 0 0 0 0 0 0 0 0 0 0 0 0 0 0 0 0 0 0 
1 18 22 37 45 71 57 58 87 85 102 96 101 119 131 126 139 135 128 144 139 160 161 182 163 196 163 61 4 0 0 0 0 0 0 0 0 0 0 0 0 0 0 0 0 0 0 0 0 0 0 0 0 0 0 0 0 0 0 0 0 0 0 0 0 0 0 0 0 0 0 0 0 0 0 0 0 0 0 0 0 0 0 0 0 0 0 0 0 0 0 0 0 0 0 0 0 0 0 0 
7 20 20 31 27 52 67 68 63 76 93 101 109 142 91 145 122 137 150 167 166 179 164 195 189 191 136 26 0 0 0 0 0 0 0 0 0 0 0 0 0 0 0 0 0 0 0 0 0 0 0 0 0 0 0 0 0 0 0 0 0 0 0 0 0 0 0 0 0 0 0 0 0 0 0 0 0 0 0 0 0 0 0 0 0 0 0 0 0 0 0 0 0 0 0 0 0 0 0 0 
5 14 21 28 42 58 51 61 70 85 93 95 98 117 116 142 154 153 160 174 161 153 143 183 163 167 96 13 0 0 0 0 0 0 0 0 0 0 0 0 0 0 0 0 0 0 0 0 0 0 0 0 0 0 0 0 0 0 0 0 0 0 0 0 0 0 0 0 0 0 0 0 0 0 0 0 0 0 0 0 0 0 0 0 0 0 0 0 0 0 0 0 0 0 0 0 0 0 0 0 
5 15 28 28 54 56 70 62 80 89 84 108 120 108 104 137 140 144 164 151 157 173 162 183 168 176 73 2 0 0 0 0 0 0 0 0 0 0 0 0 0 0 0 0 0 0 0 0 0 0 0 0 0 0 0 0 0 0 0 0 0 0 0 0 0 0 0 0 0 0 0 0 0 0 0 0 0 0 0 0 0 0 0 0 0 0 0 0 0 0 0 0 0 0 0 0 0 0 0 0 
8 19 39 38 31 45 61 81 78 82 99 98 105 108 111 146 126 146 143 178 171 155 163 176 172 155 37 0 0 0 0 0 0 0 0 0 0 0 0 0 0 0 0 0 0 0 0 0 0 0 0 0 0 0 0 0 0 0 0 0 0 0 0 0 0 0 0 0 0 0 0 0 0 0 0 0 0 0 0 0 0 0 0 0 0 0 0 0 0 0 0 0 0 0 0 0 0 0 0 0 
3 12 14 31 38 60 54 58 62 70 91 102 110 115 118 133 139 143 131 161 171 174 199 184 190 120 26 0 0 0 0 0 0 0 0 0 0 0 0 0 0 0 0 0 0 0 0 0 0 0 0 0 0 0 0 0 0 0 0 0 0 0 0 0 0 0 0 0 0 0 0 0 0 0 0 0 0 0 0 0 0 0 0 0 0 0 0 0 0 0 0 0 0 0 0 0 0 0 0 0 
8 11 25 30 36 51 81 72 81 86 83 91 128 115 151 119 139 151 151 163 173 190 162 180 169 90 9 0 0 0 0 0 0 0 0 0 0 0 0 0 0 0 0 0 0 0 0 0 0 0 0 0 0 0 0 0 0 0 0 0 0 0 0 0 0 0 0 0 0 0 0 0 0 0 0 0 0 0 0 0 0 0 0 0 0 0 0 0 0 0 0 0 0 0 0 0 0 0 0 0 
5 16 26 32 39 57 68 64 83 101 80 98 105 108 136 123 143 143 145 164 175 169 164 172 158 78 2 0 0 0 0 0 0 0 0 0 0 0 0 0 0 0 0 0 0 0 0 0 0 0 0 0 0 0 0 0 0 0 0 0 0 0 0 0 0 0 0 0 0 0 0 0 0 0 0 0 0 0 0 0 0 0 0 0 0 0 0 0 0 0 0 0 0 0 0 0 0 0 0 0 
5 14 15 43 37 66 60 80 83 104 98 96 90 121 116 127 147 140 169 153 147 168 163 165 143 20 0 0 0 0 0 0 0 0 0 0 0 0 0 0 0 0 0 0 0 0 0 0 0 0 0 0 0 0 0 0 0 0 0 0 0 0 0 0 0 0 0 0 0 0 0 0 0 0 0 0 0 0 0 0 0 0 0 0 0 0 0 0 0 0 0 0 0 0 0 0 0 0 0 0 
4 12 23 25 37 44 49 73 77 103 108 87 104 109 137 120 138 158 145 150 161 179 191 183 97 13 0 0 0 0 0 0 0 0 0 0 0 0 0 0 0 0 0 0 0 0 0 0 0 0 0 0 0 0 0 0 0 0 0 0 0 0 0 0 0 0 0 0 0 0 0 0 0 0 0 0 0 0 0 0 0 0 0 0 0 0 0 0 0 0 0 0 0 0 0 0 0 0 0 0 
1 11 23 39 39 45 67 76 90 90 92 104 104 129 116 135 139 128 164 138 159 165 184 144 61 6 0 0 0 0 0 0 0 0 0 0 0 0 0 0 0 0 0 0 0 0 0 0 0 0 0 0 0 0 0 0 0 0 0 0 0 0 0 0 0 0 0 0 0 0 0 0 0 0 0 0 0 0 0 0 0 0 0 0 0 0 0 0 0 0 0 0 0 0 0 0 0 0 0 0 
3 18 31 37 46 54 59 85 87 93 88 94 119 118 133 130 127 135 153 144 158 178 169 137 32 0 0 0 0 0 0 0 0 0 0 0 0 0 0 0 0 0 0 0 0 0 0 0 0 0 0 0 0 0 0 0 0 0 0 0 0 0 0 0 0 0 0 0 0 0 0 0 0 0 0 0 0 0 0 0 0 0 0 0 0 0 0 0 0 0 0 0 0 0 0 0 0 0 0 0 
5 12 18 36 51 43 59 76 82 100 70 103 120 109 120 134 154 136 166 175 172 140 148 107 21 0 0 0 0 0 0 0 0 0 0 0 0 0 0 0 0 0 0 0 0 0 0 0 0 0 0 0 0 0 0 0 0 0 0 0 0 0 0 0 0 0 0 0 0 0 0 0 0 0 0 0 0 0 0 0 0 0 0 0 0 0 0 0 0 0 0 0 0 0 0 0 0 0 0 0 
11 19 26 29 46 55 60 52 80 85 86 98 100 143 122 119 152 142 148 151 174 165 168 78 8 0 0 0 0 0 0 0 0 0 0 0 0 0 0 0 0 0 0 0 0 0 0 0 0 0 0 0 0 0 0 0 0 0 0 0 0 0 0 0 0 0 0 0 0 0 0 0 0 0 0 0 0 0 0 0 0 0 0 0 0 0 0 0 0 0 0 0 0 0 0 0 0 0 0 0 
3 9 25 28 41 41 56 63 77 99 88 100 107 110 121 134 126 145 143 156 185 165 141 56 1 0 0 0 0 0 0 0 0 0 0 0 0 0 0 0 0 0 0 0 0 0 0 0 0 0 0 0 0 0 0 0 0 0 0 0 0 0 0 0 0 0 0 0 0 0 0 0 0 0 0 0 0 0 0 0 0 0 0 0 0 0 0 0 0 0 0 0 0 0 0 0 0 0 0 0 
9 15 29 43 40 57 74 53 71 83 80 116 121 121 124 135 145 132 143 164 163 169 114 21 0 0 0 0 0 0 0 0 0 0 0 0 0 0 0 0 0 0 0 0 0 0 0 0 0 0 0 0 0 0 0 0 0 0 0 0 0 0 0 0 0 0 0 0 0 0 0 0 0 0 0 0 0 0 0 0 0 0 0 0 0 0 0 0 0 0 0 0 0 0 0 0 0 0 0 0 
3 18 20 29 54 52 59 73 83 100 98 93 106 114 113 134 119 143 138 152 182 172 96 12 0 0 0 0 0 0 0 0 0 0 0 0 0 0 0 0 0 0 0 0 0 0 0 0 0 0 0 0 0 0 0 0 0 0 0 0 0 0 0 0 0 0 0 0 0 0 0 0 0 0 0 0 0 0 0 0 0 0 0 0 0 0 0 0 0 0 0 0 0 0 0 0 0 0 0 0 
6 15 20 32 39 39 79 54 74 102 114 103 95 122 130 121 157 169 153 154 167 163 40 3 0 0 0 0 0 0 0 0 0 0 0 0 0 0 0 0 0 0 0 0 0 0 0 0 0 0 0 0 0 0 0 0 0 0 0 0 0 0 0 0 0 0 0 0 0 0 0 0 0 0 0 0 0 0 0 0 0 0 0 0 0 0 0 0 0 0 0 0 0 0 0 0 0 0 0 0 
5 15 26 31 41 59 46 58 89 83 97 99 122 116 99 127 162 148 161 160 170 137 34 1 0 0 0 0 0 0 0 0 0 0 0 0 0 0 0 0 0 0 0 0 0 0 0 0 0 0 0 0 0 0 0 0 0 0 0 0 0 0 0 0 0 0 0 0 0 0 0 0 0 0 0 0 0 0 0 0 0 0 0 0 0 0 0 0 0 0 0 0 0 0 0 0 0 0 0 0 
3 16 24 26 39 41 57 68 68 63 108 109 110 121 125 142 152 146 143 166 184 108 8 0 0 0 0 0 0 0 0 0 0 0 0 0 0 0 0 0 0 0 0 0 0 0 0 0 0 0 0 0 0 0 0 0 0 0 0 0 0 0 0 0 0 0 0 0 0 0 0 0 0 0 0 0 0 0 0 0 0 0 0 0 0 0 0 0 0 0 0 0 0 0 0 0 0 0 0 0 
7 12 21 34 32 53 44 57 71 75 101 98 101 118 136 131 137 142 147 162 161 57 7 0 0 0 0 0 0 0 0 0 0 0 0 0 0 0 0 0 0 0 0 0 0 0 0 0 0 0 0 0 0 0 0 0 0 0 0 0 0 0 0 0 0 0 0 0 0 0 0 0 0 0 0 0 0 0 0 0 0 0 0 0 0 0 0 0 0 0 0 0 0 0 0 0 0 0 0 0 
4 10 27 31 43 41 60 85 84 101 104 108 101 121 116 135 149 156 126 168 143 36 2 0 0 0 0 0 0 0 0 0 0 0 0 0 0 0 0 0 0 0 0 0 0 0 0 0 0 0 0 0 0 0 0 0 0 0 0 0 0 0 0 0 0 0 0 0 0 0 0 0 0 0 0 0 0 0 0 0 0 0 0 0 0 0 0 0 0 0 0 0 0 0 0 0 0 0 0 0 
1 12 18 28 38 52 57 62 91 87 112 91 104 128 112 119 140 158 169 155 84 14 0 0 0 0 0 0 0 0 0 0 0 0 0 0 0 0 0 0 0 0 0 0 0 0 0 0 0 0 0 0 0 0 0 0 0 0 0 0 0 0 0 0 0 0 0 0 0 0 0 0 0 0 0 0 0 0 0 0 0 0 0 0 0 0 0 0 0 0 0 0 0 0 0 0 0 0 0 0 
6 16 21 35 40 55 54 70 96 86 93 89 117 110 123 132 113 153 159 137 65 4 0 0 0 0 0 0 0 0 0 0 0 0 0 0 0 0 0 0 0 0 0 0 0 0 0 0 0 0 0 0 0 0 0 0 0 0 0 0 0 0 0 0 0 0 0 0 0 0 0 0 0 0 0 0 0 0 0 0 0 0 0 0 0 0 0 0 0 0 0 0 0 0 0 0 0 0 0 0 
6 18 21 27 43 57 67 75 79 84 89 95 124 109 134 139 152 154 160 118 28 0 0 0 0 0 0 0 0 0 0 0 0 0 0 0 0 0 0 0 0 0 0 0 0 0 0 0 0 0 0 0 0 0 0 0 0 0 0 0 0 0 0 0 0 0 0 0 0 0 0 0 0 0 0 0 0 0 0 0 0 0 0 0 0 0 0 0 0 0 0 0 0 0 0 0 0 0 0 0 
3 16 23 29 37 51 81 73 69 85 91 100 98 114 120 133 145 143 166 92 17 0 0 0 0 0 0 0 0 0 0 0 0 0 0 0 0 0 0 0 0 0 0 0 0 0 0 0 0 0 0 0 0 0 0 0 0 0 0 0 0 0 0 0 0 0 0 0 0 0 0 0 0 0 0 0 0 0 0 0 0 0 0 0 0 0 0 0 0 0 0 0 0 0 0 0 0 0 0 0 
11 15 15 42 38 49 58 65 83 94 93 99 114 119 135 125 156 139 122 63 4 0 0 0 0 0 0 0 0 0 0 0 0 0 0 0 0 0 0 0 0 0 0 0 0 0 0 0 0 0 0 0 0 0 0 0 0 0 0 0 0 0 0 0 0 0 0 0 0 0 0 0 0 0 0 0 0 0 0 0 0 0 0 0 0 0 0 0 0 0 0 0 0 0 0 0 0 0 0 0 
7 11 26 31 38 57 61 89 92 78 92 120 115 113 127 121 135 139 136 20 1 0 0 0 0 0 0 0 0 0 0 0 0 0 0 0 0 0 0 0 0 0 0 0 0 0 0 0 0 0 0 0 0 0 0 0 0 0 0 0 0 0 0 0 0 0 0 0 0 0 0 0 0 0 0 0 0 0 0 0 0 0 0 0 0 0 0 0 0 0 0 0 0 0 0 0 0 0 0 0 
6 14 18 45 43 54 65 66 85 82 78 105 94 93 123 117 158 152 73 16 0 0 0 0 0 0 0 0 0 0 0 0 0 0 0 0 0 0 0 0 0 0 0 0 0 0 0 0 0 0 0 0 0 0 0 0 0 0 0 0 0 0 0 0 0 0 0 0 0 0 0 0 0 0 0 0 0 0 0 0 0 0 0 0 0 0 0 0 0 0 0 0 0 0 0 0 0 0 0 0 
8 13 18 34 44 47 63 61 72 84 101 90 98 123 108 136 160 143 69 3 0 0 0 0 0 0 0 0 0 0 0 0 0 0 0 0 0 0 0 0 0 0 0 0 0 0 0 0 0 0 0 0 0 0 0 0 0 0 0 0 0 0 0 0 0 0 0 0 0 0 0 0 0 0 0 0 0 0 0 0 0 0 0 0 0 0 0 0 0 0 0 0 0 0 0 0 0 0 0 0 
6 6 28 33 50 58 47 66 63 96 97 107 121 122 108 134 124 136 27 1 0 0 0 0 0 0 0 0 0 0 0 0 0 0 0 0 0 0 0 0 0 0 0 0 0 0 0 0 0 0 0 0 0 0 0 0 0 0 0 0 0 0 0 0 0 0 0 0 0 0 0 0 0 0 0 0 0 0 0 0 0 0 0 0 0 0 0 0 0 0 0 0 0 0 0 0 0 0 0 0 
2 13 21 36 43 48 69 69 84 72 71 101 114 129 122 149 122 88 10 0 0 0 0 0 0 0 0 0 0 0 0 0 0 0 0 0 0 0 0 0 0 0 0 0 0 0 0 0 0 0 0 0 0 0 0 0 0 0 0 0 0 0 0 0 0 0 0 0 0 0 0 0 0 0 0 0 0 0 0 0 0 0 0 0 0 0 0 0 0 0 0 0 0 0 0 0 0 0 0 0 
5 16 25 31 57 50 71 65 86 87 108 113 112 112 137 129 132 65 7 0 0 0 0 0 0 0 0 0 0 0 0 0 0 0 0 0 0 0 0 0 0 0 0 0 0 0 0 0 0 0 0 0 0 0 0 0 0 0 0 0 0 0 0 0 0 0 0 0 0 0 0 0 0 0 0 0 0 0 0 0 0 0 0 0 0 0 0 0 0 0 0 0 0 0 0 0 0 0 0 0 
8 17 20 35 42 53 65 69 73 87 94 93 114 138 122 129 107 29 2 0 0 0 0 0 0 0 0 0 0 0 0 0 0 0 0 0 0 0 0 0 0 0 0 0 0 0 0 0 0 0 0 0 0 0 0 0 0 0 0 0 0 0 0 0 0 0 0 0 0 0 0 0 0 0 0 0 0 0 0 0 0 0 0 0 0 0 0 0 0 0 0 0 0 0 0 0 0 0 0 0 
5 23 25 31 42 36 46 65 71 77 101 94 108 122 97 110 79 13 0 0 0 0 0 0 0 0 0 0 0 0 0 0 0 0 0 0 0 0 0 0 0 0 0 0 0 0 0 0 0 0 0 0 0 0 0 0 0 0 0 0 0 0 0 0 0 0 0 0 0 0 0 0 0 0 0 0 0 0 0 0 0 0 0 0 0 0 0 0 0 0 0 0 0 0 0 0 0 0 0 0 
3 11 16 41 38 58 63 80 85 81 97 88 99 102 134 112 56 4 0 0 0 0 0 0 0 0 0 0 0 0 0 0 0 0 0 0 0 0 0 0 0 0 0 0 0 0 0 0 0 0 0 0 0 0 0 0 0 0 0 0 0 0 0 0 0 0 0 0 0 0 0 0 0 0 0 0 0 0 0 0 0 0 0 0 0 0 0 0 0 0 0 0 0 0 0 0 0 0 0 0 
2 21 16 32 33 61 54 72 71 77 91 86 92 109 135 84 27 0 0 0 0 0 0 0 0 0 0 0 0 0 0 0 0 0 0 0 0 0 0 0 0 0 0 0 0 0 0 0 0 0 0 0 0 0 0 0 0 0 0 0 0 0 0 0 0 0 0 0 0 0 0 0 0 0 0 0 0 0 0 0 0 0 0 0 0 0 0 0 0 0 0 0 0 0 0 0 0 0 0 0 
3 14 36 31 49 65 73 63 72 98 100 93 121 121 127 72 6 0 0 0 0 0 0 0 0 0 0 0 0 0 0 0 0 0 0 0 0 0 0 0 0 0 0 0 0 0 0 0 0 0 0 0 0 0 0 0 0 0 0 0 0 0 0 0 0 0 0 0 0 0 0 0 0 0 0 0 0 0 0 0 0 0 0 0 0 0 0 0 0 0 0 0 0 0 0 0 0 0 0 0 
3 12 25 36 39 38 72 62 102 91 79 95 108 126 100 36 0 0 0 0 0 0 0 0 0 0 0 0 0 0 0 0 0 0 0 0 0 0 0 0 0 0 0 0 0 0 0 0 0 0 0 0 0 0 0 0 0 0 0 0 0 0 0 0 0 0 0 0 0 0 0 0 0 0 0 0 0 0 0 0 0 0 0 0 0 0 0 0 0 0 0 0 0 0 0 0 0 0 0 0 
4 13 25 33 37 43 65 61 81 80 109 114 95 105 83 14 0 0 0 0 0 0 0 0 0 0 0 0 0 0 0 0 0 0 0 0 0 0 0 0 0 0 0 0 0 0 0 0 0 0 0 0 0 0 0 0 0 0 0 0 0 0 0 0 0 0 0 0 0 0 0 0 0 0 0 0 0 0 0 0 0 0 0 0 0 0 0 0 0 0 0 0 0 0 0 0 0 0 0 0 
4 19 26 28 43 51 50 71 82 79 92 114 104 120 40 9 0 0 0 0 0 0 0 0 0 0 0 0 0 0 0 0 0 0 0 0 0 0 0 0 0 0 0 0 0 0 0 0 0 0 0 0 0 0 0 0 0 0 0 0 0 0 0 0 0 0 0 0 0 0 0 0 0 0 0 0 0 0 0 0 0 0 0 0 0 0 0 0 0 0 0 0 0 0 0 0 0 0 0 0 
8 13 19 34 38 47 58 68 83 94 90 92 118 87 24 0 0 0 0 0 0 0 0 0 0 0 0 0 0 0 0 0 0 0 0 0 0 0 0 0 0 0 0 0 0 0 0 0 0 0 0 0 0 0 0 0 0 0 0 0 0 0 0 0 0 0 0 0 0 0 0 0 0 0 0 0 0 0 0 0 0 0 0 0 0 0 0 0 0 0 0 0 0 0 0 0 0 0 0 0 
1 16 28 21 40 56 52 61 86 87 97 111 115 64 8 0 0 0 0 0 0 0 0 0 0 0 0 0 0 0 0 0 0 0 0 0 0 0 0 0 0 0 0 0 0 0 0 0 0 0 0 0 0 0 0 0 0 0 0 0 0 0 0 0 0 0 0 0 0 0 0 0 0 0 0 0 0 0 0 0 0 0 0 0 0 0 0 0 0 0 0 0 0 0 0 0 0 0 0 0 
2 15 16 36 48 43 48 71 93 98 93 107 103 27 1 0 0 0 0 0 0 0 0 0 0 0 0 0 0 0 0 0 0 0 0 0 0 0 0 0 0 0 0 0 0 0 0 0 0 0 0 0 0 0 0 0 0 0 0 0 0 0 0 0 0 0 0 0 0 0 0 0 0 0 0 0 0 0 0 0 0 0 0 0 0 0 0 0 0 0 0 0 0 0 0 0 0 0 0 0 
5 14 18 33 44 53 50 55 69 89 93 87 71 6 0 0 0 0 0 0 0 0 0 0 0 0 0 0 0 0 0 0 0 0 0 0 0 0 0 0 0 0 0 0 0 0 0 0 0 0 0 0 0 0 0 0 0 0 0 0 0 0 0 0 0 0 0 0 0 0 0 0 0 0 0 0 0 0 0 0 0 0 0 0 0 0 0 0 0 0 0 0 0 0 0 0 0 0 0 0 
5 15 19 24 45 65 58 77 68 89 85 100 31 1 0 0 0 0 0 0 0 0 0 0 0 0 0 0 0 0 0 0 0 0 0 0 0 0 0 0 0 0 0 0 0 0 0 0 0 0 0 0 0 0 0 0 0 0 0 0 0 0 0 0 0 0 0 0 0 0 0 0 0 0 0 0 0 0 0 0 0 0 0 0 0 0 0 0 0 0 0 0 0 0 0 0 0 0 0 0 
5 14 27 40 37 51 77 76 84 88 76 79 11 0 0 0 0 0 0 0 0 0 0 0 0 0 0 0 0 0 0 0 0 0 0 0 0 0 0 0 0 0 0 0 0 0 0 0 0 0 0 0 0 0 0 0 0 0 0 0 0 0 0 0 0 0 0 0 0 0 0 0 0 0 0 0 0 0 0 0 0 0 0 0 0 0 0 0 0 0 0 0 0 0 0 0 0 0 0 0 
5 16 22 30 41 54 61 77 66 80 67 34 3 0 0 0 0 0 0 0 0 0 0 0 0 0 0 0 0 0 0 0 0 0 0 0 0 0 0 0 0 0 0 0 0 0 0 0 0 0 0 0 0 0 0 0 0 0 0 0 0 0 0 0 0 0 0 0 0 0 0 0 0 0 0 0 0 0 0 0 0 0 0 0 0 0 0 0 0 0 0 0 0 0 0 0 0 0 0 0 
6 9 31 35 31 51 69 56 85 85 70 12 0 0 0 0 0 0 0 0 0 0 0 0 0 0 0 0 0 0 0 0 0 0 0 0 0 0 0 0 0 0 0 0 0 0 0 0 0 0 0 0 0 0 0 0 0 0 0 0 0 0 0 0 0 0 0 0 0 0 0 0 0 0 0 0 0 0 0 0 0 0 0 0 0 0 0 0 0 0 0 0 0 0 0 0 0 0 0 0 
4 18 25 32 37 56 57 73 95 87 32 1 0 0 0 0 0 0 0 0 0 0 0 0 0 0 0 0 0 0 0 0 0 0 0 0 0 0 0 0 0 0 0 0 0 0 0 0 0 0 0 0 0 0 0 0 0 0 0 0 0 0 0 0 0 0 0 0 0 0 0 0 0 0 0 0 0 0 0 0 0 0 0 0 0 0 0 0 0 0 0 0 0 0 0 0 0 0 0 0 
6 13 35 31 41 54 49 66 70 43 9 0 0 0 0 0 0 0 0 0 0 0 0 0 0 0 0 0 0 0 0 0 0 0 0 0 0 0 0 0 0 0 0 0 0 0 0 0 0 0 0 0 0 0 0 0 0 0 0 0 0 0 0 0 0 0 0 0 0 0 0 0 0 0 0 0 0 0 0 0 0 0 0 0 0 0 0 0 0 0 0 0 0 0 0 0 0 0 0 0 
5 12 34 33 48 49 73 74 53 22 1 0 0 0 0 0 0 0 0 0 0 0 0 0 0 0 0 0 0 0 0 0 0 0 0 0 0 0 0 0 0 0 0 0 0 0 0 0 0 0 0 0 0 0 0 0 0 0 0 0 0 0 0 0 0 0 0 0 0 0 0 0 0 0 0 0 0 0 0 0 0 0 0 0 0 0 0 0 0 0 0 0 0 0 0 0 0 0 0 0 
2 14 32 35 30 62 58 71 37 3 0 0 0 0 0 0 0 0 0 0 0 0 0 0 0 0 0 0 0 0 0 0 0 0 0 0 0 0 0 0 0 0 0 0 0 0 0 0 0 0 0 0 0 0 0 0 0 0 0 0 0 0 0 0 0 0 0 0 0 0 0 0 0 0 0 0 0 0 0 0 0 0 0 0 0 0 0 0 0 0 0 0 0 0 0 0 0 0 0 0 
2 21 17 36 41 58 57 37 8 0 0 0 0 0 0 0 0 0 0 0 0 0 0 0 0 0 0 0 0 0 0 0 0 0 0 0 0 0 0 0 0 0 0 0 1 0 0 0 0 0 0 0 0 0 0 0 0 0 0 0 0 0 0 0 0 0 0 0 0 0 0 0 0 0 0 0 0 0 0 0 0 0 0 0 0 0 0 0 0 0 0 0 0 0 0 0 0 0 0 0 
5 16 19 24 35 50 64 16 0 0 0 0 0 0 0 0 0 0 0 0 0 0 0 0 0 0 0 0 0 0 0 0 0 0 0 0 0 0 0 0 0 0 0 0 0 0 0 0 0 0 0 0 0 0 0 0 0 0 0 0 0 0 0 0 0 0 0 0 0 0 0 0 0 0 0 0 0 0 0 0 0 0 0 0 0 0 0 0 0 0 0 0 0 0 0 0 0 0 0 0 
2 16 24 27 34 34 15 0 0 0 0 0 0 0 0 0 0 0 0 0 0 0 0 0 0 0 0 0 0 0 0 0 0 0 0 0 0 0 0 0 0 0 0 0 0 0 0 0 0 0 0 0 0 0 0 0 0 0 0 0 0 0 0 0 0 0 0 0 0 0 0 0 0 0 0 0 0 0 0 0 0 0 0 0 0 0 0 0 0 0 0 0 0 0 0 0 0 0 0 0 
6 13 25 37 37 12 6 0 0 0 0 0 0 0 0 0 0 0 0 0 0 0 0 0 0 0 0 0 0 0 0 0 0 0 0 0 0 0 0 0 0 0 0 0 0 0 0 0 0 0 0 0 0 0 0 0 0 0 0 0 0 0 0 0 0 0 0 0 0 0 0 0 0 0 0 0 0 0 0 0 0 0 0 0 0 0 0 0 0 0 0 0 0 0 0 0 0 0 0 0 
3 16 34 31 15 2 0 0 0 0 0 0 0 0 0 0 0 0 0 0 0 0 0 0 0 0 0 0 0 0 0 0 0 0 0 0 0 0 0 0 0 0 0 0 0 0 0 0 0 0 0 0 0 0 0 0 0 0 0 0 0 0 0 0 0 0 0 0 0 0 0 0 0 0 0 0 0 0 0 0 0 0 0 0 0 0 0 0 0 0 0 0 0 0 0 0 0 0 0 0 
3 16 7 6 1 0 0 0 0 0 0 0 0 0 0 0 0 0 0 0 0 0 0 0 0 0 0 0 0 0 0 0 0 0 0 0 0 0 0 0 0 0 0 0 0 0 0 0 0 0 0 0 0 0 0 0 0 0 0 0 0 0 0 0 0 0 0 0 0 0 0 0 0 0 0 0 0 0 0 0 0 0 0 0 0 0 0 0 0 0 0 0 0 0 0 0 0 0 0 0 
0 1 0 0 0 0 0 0 0 0 0 0 0 0 0 0 0 0 0 0 0 0 0 0 0 0 0 0 0 0 0 0 0 0 0 0 0 0 0 0 0 0 0 0 0 0 0 0 0 0 0 0 0 0 0 0 0 0 0 0 0 0 0 0 0 0 0 0 0 0 0 0 0 0 0 0 0 0 0 0 0 0 0 0 0 0 0 0 0 0 0 0 0 0 0 0 0 0 0 0 
