40	0.000	0.300
30	0.000	3.142
31 107 187 257 322 389 478 484 509 512 567 507 565 552 512 487 487 492 405 415 387 346 293 252 227 171 149 92 60 25 
47 145 294 461 633 749 894 968 989 963 961 934 884 934 814 844 798 734 685 680 586 507 416 412 383 292 210 142 94 34 
13 87 232 459 699 958 1106 1200 1190 1255 1204 1167 1163 1046 1030 1054 946 829 797 718 670 639 562 504 448 354 247 222 130 30 
5 50 180 451 834 1132 1407 1385 1452 1432 1362 1275 1332 1170 1153 1139 1008 960 899 852 731 631 618 555 451 390 332 203 115 46 
4 58 217 658 1052 1433 1593 1658 1679 1576 1562 1510 1406 1342 1259 1119 1080 995 972 876 822 698 667 575 495 416 254 160 90 29 
26 129 348 812 1137 1446 1502 1611 1633 1537 1512 1450 1467 1376 1363 1271 1186 1087 1067 933 870 807 695 407 179 33 0 0 0 0 
41 223 604 997 1293 1565 1744 1583 1644 1654 1542 1538 1505 1372 1318 1229 1236 1176 1096 978 970 543 109 0 0 0 0 0 0 0 
98 403 724 1019 1340 1579 1589 1691 1541 1582 1593 1575 1430 1406 1365 1253 1278 1158 1162 989 302 0 0 0 0 0 0 0 0 0 
145 512 845 1102 1374 1542 1613 1692 1642 1663 1510 1558 1468 1461 1387 1331 1278 1264 1044 162 0 0 0 0 0 0 0 0 0 0 
196 522 913 1187 1408 1474 1620 1601 1557 1585 1580 1470 1469 1434 1407 1379 1321 1067 148 0 0 0 0 0 0 0 0 0 0 0 
184 551 880 1240 1335 1562 1570 1625 1656 1622 1588 1504 1507 1471 1507 1440 1254 235 0 0 0 0 0 0 0 0 0 0 0 0 
171 573 907 1215 1332 1467 1592 1557 1608 1630 1561 1480 1585 1617 1479 1434 475 0 0 0 0 0 0 0 0 0 0 0 0 0 
178 553 882 1132 1316 1471 1504 1602 1634 1618 1624 1607 1618 1567 1518 921 4 0 0 0 0 0 0 0 0 0 0 0 0 0 
205 515 852 1109 1236 1384 1503 1589 1561 1599 1649 1575 1512 1621 1390 103 0 0 0 0 0 0 0 0 0 0 0 0 0 0 
177 519 802 1042 1256 1370 1625 1533 1585 1679 1581 1600 1655 1577 581 0 0 0 0 0 0 0 0 0 0 0 0 0 0 0 
159 515 760 1033 1252 1353 1543 1561 1584 1582 1578 1672 1611 1294 37 0 0 0 0 0 0 0 0 0 0 0 0 0 0 0 
168 472 776 1035 1171 1400 1471 1493 1526 1590 1685 1707 1600 489 0 1 0 0 0 0 0 0 0 0 0 0 0 0 0 0 
165 466 758 1024 1165 1330 1514 1551 1557 1591 1576 1705 1245 19 0 0 0 0 0 0 0 0 0 0 0 0 0 0 0 0 
146 468 718 950 1233 1365 1436 1547 1592 1628 1696 1662 465 0 0 0 0 0 0 0 0 0 0 0 0 0 0 0 0 0 
159 432 722 961 1144 1271 1446 1474 1619 1565 1722 1303 27 0 0 0 0 0 0 0 0 0 0 0 0 0 0 0 0 0 
161 406 692 920 1097 1270 1410 1499 1557 1684 1616 627 0 0 0 0 0 0 0 0 0 0 0 0 0 0 0 0 0 0 
161 416 715 968 1107 1276 1426 1539 1621 1690 1530 64 0 0 0 0 0 0 0 0 0 0 0 0 0 0 0 0 0 0 
133 413 641 910 1125 1226 1363 1455 1580 1544 788 0 0 0 0 0 0 0 0 0 0 0 0 0 0 0 0 0 0 0 
132 376 675 925 1088 1299 1336 1492 1602 1616 179 0 0 0 0 0 0 0 0 0 0 0 0 0 0 0 0 0 0 0 
153 395 674 842 1134 1211 1416 1466 1713 1030 2 0 0 0 0 0 0 0 0 0 0 0 0 0 0 0 0 0 0 0 
152 431 683 891 1046 1232 1350 1508 1598 299 0 0 0 0 0 0 0 0 0 0 0 0 0 0 0 0 0 0 0 0 
144 361 641 931 1115 1200 1390 1502 1194 10 0 0 0 0 0 0 0 0 0 0 0 0 0 0 0 0 0 0 0 0 
140 403 662 842 1043 1284 1381 1538 564 0 0 0 0 0 0 0 0 0 0 0 0 0 0 0 0 0 0 0 0 0 
129 368 631 905 1041 1238 1350 1285 62 0 0 0 0 0 0 0 0 0 0 0 0 0 0 0 0 0 0 0 0 0 
126 366 616 872 1077 1242 1398 730 0 0 0 0 0 0 0 0 0 0 0 0 0 0 0 0 0 0 0 0 0 0 
118 386 618 854 1104 1236 1252 148 0 0 0 0 0 0 0 0 0 0 0 0 0 0 0 0 0 0 0 0 0 0 
137 360 598 910 1097 1279 817 1 0 0 0 0 0 0 0 0 0 0 0 0 0 0 0 0 0 0 0 0 0 0 
96 398 605 838 1107 1174 174 0 0 0 0 0 0 0 0 0 0 0 0 0 0 0 0 0 0 0 0 0 0 0 
132 391 662 871 1090 771 2 0 0 0 0 0 0 0 0 0 0 0 0 0 0 0 0 0 0 0 0 0 0 0 
133 368 583 866 1036 169 0 0 0 0 0 0 0 0 0 0 0 0 0 0 0 0 0 0 0 0 0 0 0 0 
138 389 628 886 609 0 0 0 0 0 0 0 0 0 0 0 0 0 0 0 0 0 0 0 0 0 0 0 0 0 
118 372 621 705 62 0 0 0 0 0 0 0 0 0 0 0 0 0 0 0 0 0 0 0 0 0 0 0 0 0 
140 366 589 206 0 0 0 0 0 0 0 0 0 0 0 0 0 0 0 0 0 0 0 0 0 0 0 0 0 0 
127 365 194 0 0 0 0 0 0 0 0 0 0 0 0 0 0 0 0 0 0 0 0 0 0 0 0 0 0 0 
80 48 0 0 0 0 0 0 0 0 0 0 0 0 0 0 0 0 0 0 0 0 0 0 0 0 0 0 0 0 
